This is FFC, the FEniCS Form Compiler, version 1.6.0.
For further information, visit http://www.fenics.org/ffc/.

Compiling form AdaptivePoisson

Compiler stage 1: Analyzing form(s)
-----------------------------------
  
  Geometric dimension:       2
  Number of cell subdomains: 0
  Rank:                      2
  Arguments:                 '(v_0, v_1)'
  Number of coefficients:    0
  Coefficients:              '[]'
  Unique elements:           'CG1(?)'
  Unique sub elements:       'CG1(?)'
  
  Extracting monomial form representation from UFL form
  Transforming monomial form to reference element
  Reusing element from cache
  Estimated cost of tensor representation: 2
  representation:    auto --> tensor
  Selecting quadrature degree based on total polynomial degree of integrand: 0
  quadrature_degree: auto --> 0
  quadrature_rule:   auto --> default
  
  Geometric dimension:       2
  Number of cell subdomains: 0
  Rank:                      1
  Arguments:                 '(v_0)'
  Number of coefficients:    0
  Coefficients:              '[]'
  Unique elements:           'CG1(?)'
  Unique sub elements:       'CG1(?)'
  
  Extracting monomial form representation from UFL form
  Transforming monomial form to reference element
  Reusing element from cache
  Estimated cost of tensor representation: 0
  representation:    auto --> tensor
  Selecting quadrature degree based on total polynomial degree of integrand: 1
  quadrature_degree: auto --> 1
  quadrature_rule:   auto --> default
  
  Geometric dimension:                 2
  Number of cell subdomains:           0
  Number of exterior_facet subdomains: 0
  Rank:                                0
  Arguments:                           '()'
  Number of coefficients:              4
  Coefficients:                        '[w_0, w_1, w_2, w_3]'
  Unique elements:                     'CG1(?), CG2(?)'
  Unique sub elements:                 'CG1(?), CG2(?)'
  
  Extracting monomial form representation from UFL form
  Transforming monomial form to reference element
  Reusing element from cache
  Reusing element from cache
  Reusing element from cache
  Estimated cost of tensor representation: 4
  representation:    auto --> quadrature
  Selecting quadrature degree based on total polynomial degree of integrand: 3
  quadrature_degree: auto --> 3
  quadrature_rule:   auto --> default
  Extracting monomial form representation from UFL form
  Transforming monomial form to reference element
  Reusing element from cache
  Reusing element from cache
  Estimated cost of tensor representation: 2
  representation:    auto --> tensor
  Selecting quadrature degree based on total polynomial degree of integrand: 3
  quadrature_degree: auto --> 3
  quadrature_rule:   auto --> default
  
  Geometric dimension:       2
  Number of cell subdomains: 0
  Rank:                      2
  Arguments:                 '(v_0, v_1)'
  Number of coefficients:    1
  Coefficients:              '[w_4]'
  Unique elements:           'DG1(?), B3(?)'
  Unique sub elements:       'DG1(?), B3(?)'
  
  Extracting monomial form representation from UFL form
  Transforming monomial form to reference element
  Reusing element from cache
  Estimated cost of tensor representation: 1
  representation:    auto --> tensor
  Selecting quadrature degree based on total polynomial degree of integrand: 5
  quadrature_degree: auto --> 5
  quadrature_rule:   auto --> default
  
  Geometric dimension:                 2
  Number of cell subdomains:           0
  Number of exterior_facet subdomains: 0
  Rank:                                1
  Arguments:                           '(v_0)'
  Number of coefficients:              4
  Coefficients:                        '[w_0, w_1, w_2, w_4]'
  Unique elements:                     'DG1(?), CG1(?), B3(?)'
  Unique sub elements:                 'DG1(?), CG1(?), B3(?)'
  
  Extracting monomial form representation from UFL form
  Transforming monomial form to reference element
  Reusing element from cache
  Reusing element from cache
  Reusing element from cache
  Reusing element from cache
  Reusing element from cache
  Reusing element from cache
  Reusing element from cache
  Reusing element from cache
  Reusing element from cache
  Estimated cost of tensor representation: 4
  representation:    auto --> quadrature
  Selecting quadrature degree based on total polynomial degree of integrand: 5
  quadrature_degree: auto --> 5
  quadrature_rule:   auto --> default
  Extracting monomial form representation from UFL form
  Transforming monomial form to reference element
  Reusing element from cache
  Reusing element from cache
  Reusing element from cache
  Estimated cost of tensor representation: 2
  representation:    auto --> tensor
  Selecting quadrature degree based on total polynomial degree of integrand: 5
  quadrature_degree: auto --> 5
  quadrature_rule:   auto --> default
  
  Geometric dimension:                 2
  Number of exterior_facet subdomains: 0
  Number of interior_facet subdomains: 0
  Rank:                                2
  Arguments:                           '(v_0, v_1)'
  Number of coefficients:              1
  Coefficients:                        '[w_6]'
  Unique elements:                     'DG1(?), DG2(?)'
  Unique sub elements:                 'DG1(?), DG2(?)'
  
  Extracting monomial form representation from UFL form
  Transforming monomial form to reference element
  Reusing element from cache
  Reusing element from cache
  Estimated cost of tensor representation: 1
  representation:    auto --> tensor
  Selecting quadrature degree based on total polynomial degree of integrand: 4
  quadrature_degree: auto --> 4
  quadrature_rule:   auto --> default
  Extracting monomial form representation from UFL form
  Transforming monomial form to reference element
  Reusing element from cache
  Reusing element from cache
  Reusing element from cache
  Reusing element from cache
  Reusing element from cache
  Reusing element from cache
  Estimated cost of tensor representation: 1
  representation:    auto --> tensor
  Selecting quadrature degree based on total polynomial degree of integrand: 4
  quadrature_degree: auto --> 4
  quadrature_rule:   auto --> default
  
  Geometric dimension:                 2
  Number of cell subdomains:           0
  Number of exterior_facet subdomains: 0
  Rank:                                1
  Arguments:                           '(v_0)'
  Number of coefficients:              5
  Coefficients:                        '[w_0, w_1, w_2, w_5, w_6]'
  Unique elements:                     'DG1(?), CG1(?), DG2(?)'
  Unique sub elements:                 'DG1(?), CG1(?), DG2(?)'
  
  Extracting monomial form representation from UFL form
  Transforming monomial form to reference element
  Reusing element from cache
  Reusing element from cache
  Reusing element from cache
  Reusing element from cache
  Reusing element from cache
  Reusing element from cache
  Reusing element from cache
  Reusing element from cache
  Reusing element from cache
  Reusing element from cache
  Reusing element from cache
  Reusing element from cache
  Estimated cost of tensor representation: 4
  representation:    auto --> quadrature
  Selecting quadrature degree based on total polynomial degree of integrand: 4
  quadrature_degree: auto --> 4
  quadrature_rule:   auto --> default
  Extracting monomial form representation from UFL form
  Transforming monomial form to reference element
  Reusing element from cache
  Reusing element from cache
  Reusing element from cache
  Estimated cost of tensor representation: 2
  representation:    auto --> tensor
  Selecting quadrature degree based on total polynomial degree of integrand: 4
  quadrature_degree: auto --> 4
  quadrature_rule:   auto --> default
  
  Geometric dimension:                 2
  Number of cell subdomains:           0
  Number of exterior_facet subdomains: 0
  Number of interior_facet subdomains: 0
  Rank:                                1
  Arguments:                           '(v_0)'
  Number of coefficients:              4
  Coefficients:                        '[w_3, w_5, w_7, w_8]'
  Unique elements:                     'DG0(?), CG2(?), DG1(?), CG1(?)'
  Unique sub elements:                 'DG0(?), CG2(?), DG1(?), CG1(?)'
  
  Extracting monomial form representation from UFL form
  Transforming monomial form to reference element
  Reusing element from cache
  Reusing element from cache
  Reusing element from cache
  Reusing element from cache
  Reusing element from cache
  Estimated cost of tensor representation: 2
  representation:    auto --> tensor
  Selecting quadrature degree based on total polynomial degree of integrand: 3
  quadrature_degree: auto --> 3
  quadrature_rule:   auto --> default
  Extracting monomial form representation from UFL form
  Transforming monomial form to reference element
  Reusing element from cache
  Reusing element from cache
  Reusing element from cache
  Reusing element from cache
  Reusing element from cache
  Reusing element from cache
  Estimated cost of tensor representation: 2
  representation:    auto --> tensor
  Selecting quadrature degree based on total polynomial degree of integrand: 3
  quadrature_degree: auto --> 3
  quadrature_rule:   auto --> default
  Extracting monomial form representation from UFL form
  Transforming monomial form to reference element
  Reusing element from cache
  Reusing element from cache
  Reusing element from cache
  Reusing element from cache
  Reusing element from cache
  Reusing element from cache
  Reusing element from cache
  Reusing element from cache
  Reusing element from cache
  Reusing element from cache
  Reusing element from cache
  Reusing element from cache
  Reusing element from cache
  Reusing element from cache
  Reusing element from cache
  Reusing element from cache
  Reusing element from cache
  Reusing element from cache
  Reusing element from cache
  Reusing element from cache
  Reusing element from cache
  Reusing element from cache
  Reusing element from cache
  Reusing element from cache
  Estimated cost of tensor representation: 2
  representation:    auto --> tensor
  Selecting quadrature degree based on total polynomial degree of integrand: 3
  quadrature_degree: auto --> 3
  quadrature_rule:   auto --> default
  
  Geometric dimension:       2
  Number of cell subdomains: 0
  Rank:                      2
  Arguments:                 '(v_0, v_1)'
  Number of coefficients:    0
  Coefficients:              '[]'
  Unique elements:           'CG1(?)'
  Unique sub elements:       'CG1(?)'
  
  Extracting monomial form representation from UFL form
  Transforming monomial form to reference element
  Reusing element from cache
  Reusing element from cache
  Estimated cost of tensor representation: 2
  representation:    auto --> tensor
  Selecting quadrature degree based on total polynomial degree of integrand: 0
  quadrature_degree: auto --> 0
  quadrature_rule:   auto --> default
  
  Geometric dimension:                 2
  Number of cell subdomains:           0
  Number of exterior_facet subdomains: 0
  Rank:                                1
  Arguments:                           '(v_0)'
  Number of coefficients:              2
  Coefficients:                        '[w_0, w_1]'
  Unique elements:                     'CG1(?)'
  Unique sub elements:                 'CG1(?)'
  
  Extracting monomial form representation from UFL form
  Transforming monomial form to reference element
  Reusing element from cache
  Reusing element from cache
  Estimated cost of tensor representation: 1
  representation:    auto --> tensor
  Selecting quadrature degree based on total polynomial degree of integrand: 2
  quadrature_degree: auto --> 2
  quadrature_rule:   auto --> default
  Extracting monomial form representation from UFL form
  Transforming monomial form to reference element
  Reusing element from cache
  Reusing element from cache
  Estimated cost of tensor representation: 1
  representation:    auto --> tensor
  Selecting quadrature degree based on total polynomial degree of integrand: 2
  quadrature_degree: auto --> 2
  quadrature_rule:   auto --> default
  
  Geometric dimension:       2
  Number of cell subdomains: 0
  Rank:                      0
  Arguments:                 '()'
  Number of coefficients:    1
  Coefficients:              '[w_2]'
  Unique elements:           'CG1(?)'
  Unique sub elements:       'CG1(?)'
  
  Extracting monomial form representation from UFL form
  Transforming monomial form to reference element
  Reusing element from cache
  Estimated cost of tensor representation: 1
  representation:    auto --> tensor
  Selecting quadrature degree based on total polynomial degree of integrand: 1
  quadrature_degree: auto --> 1
  quadrature_rule:   auto --> default
  
Compiler stage 1 finished in 0.395868 seconds.

Compiler stage 2: Computing intermediate representation
-------------------------------------------------------
  Computing representation of 6 elements
  Reusing element from cache
  Reusing element from cache
  Reusing element from cache
  Reusing element from cache
  Reusing element from cache
  Reusing element from cache
  Reusing element from cache
  Reusing element from cache
  Reusing element from cache
  Reusing element from cache
  Reusing element from cache
  Reusing element from cache
  Computing representation of 6 dofmaps
  Reusing element from cache
  Reusing element from cache
  Reusing element from cache
  Reusing element from cache
  Reusing element from cache
  Reusing element from cache
  Computing representation of integrals
  Computing tensor representation
  Extracting monomial form representation from UFL form
  Transforming monomial form to reference element
  Reusing element from cache
  Reusing element from cache
  Precomputing integrals on reference element
  Reusing element from cache
  36 entries computed in 0.00068 seconds
  Shape of reference tensor: (3, 3, 2, 2)
  Primary multi index:   rank = 2 dims = [3, 3] indices = [[0, 0], [0, 1], [0, 2], [1, 0], [1, 1], [1, 2], [2, 0], [2, 1], [2, 2]]
  Secondary multi index: rank = 2 dims = [2, 2] indices = [[0, 0], [0, 1], [1, 0], [1, 1]]
  Internal multi index:  rank = 0 dims = [] indices = [[]]
  Secondary multi index: rank = 2 dims = [2, 2] indices = [[0, 0], [0, 1], [1, 0], [1, 1]]
  External multi index:  rank = 1 dims = [2] indices = [[0], [1]]
  Reusing element from cache
  Computing tensor representation
  Extracting monomial form representation from UFL form
  Transforming monomial form to reference element
  Reusing element from cache
  Precomputing integrals on reference element
  Reusing element from cache
  3 entries computed in 0.000449 seconds
  Shape of reference tensor: (3,)
  Primary multi index:   rank = 1 dims = [3] indices = [[0], [1], [2]]
  Secondary multi index: rank = 0 dims = [] indices = [[]]
  Internal multi index:  rank = 0 dims = [] indices = [[]]
  Secondary multi index: rank = 0 dims = [] indices = [[]]
  External multi index:  rank = 0 dims = [] indices = [[]]
  Reusing element from cache
  Computing quadrature representation
  Reusing element from cache
  Reusing element from cache
  Reusing element from cache
  Reusing element from cache
  Reusing element from cache
  Reusing element from cache
  
  QG-utils, psi_tables:
  {6: {FiniteElement('Lagrange', Domain(Cell('triangle', 2), label=None, data=None), 1, quad_scheme=None): {None: {None: {(0, 1): array([[ -1.00000000e+00,  -1.00000000e+00,  -1.00000000e+00,
           -1.00000000e+00,  -1.00000000e+00,  -1.00000000e+00],
         [  8.88178420e-16,   8.88178420e-16,   8.88178420e-16,
            8.88178420e-16,   8.88178420e-16,   8.88178420e-16],
         [  1.00000000e+00,   1.00000000e+00,   1.00000000e+00,
            1.00000000e+00,   1.00000000e+00,   1.00000000e+00]]), (1, 0): array([[-1., -1., -1., -1., -1., -1.],
         [ 1.,  1.,  1.,  1.,  1.,  1.],
         [ 0.,  0.,  0.,  0.,  0.,  0.]]), (0, 0): array([[ 0.10903901,  0.23193337,  0.10903901,  0.65902762,  0.23193337,
           0.65902762],
         [ 0.65902762,  0.65902762,  0.23193337,  0.23193337,  0.10903901,
           0.10903901],
         [ 0.23193337,  0.10903901,  0.65902762,  0.10903901,  0.65902762,
           0.23193337]])}}}, FiniteElement('Lagrange', Domain(Cell('triangle', 2), label=None, data=None), 2, quad_scheme=None): {None: {None: {(0, 1): array([[  5.63843964e-01,   7.22665258e-02,   5.63843964e-01,
           -1.63611049e+00,   7.22665258e-02,  -1.63611049e+00],
         [  8.38218384e-15,   7.93809463e-15,   8.04911693e-15,
            6.21724894e-15,   7.71605002e-15,   6.16173779e-15],
         [ -7.22665258e-02,  -5.63843964e-01,   1.63611049e+00,
           -5.63843964e-01,   1.63611049e+00,  -7.22665258e-02],
         [  2.63611049e+00,   2.63611049e+00,   9.27733474e-01,
            9.27733474e-01,   4.36156036e-01,   4.36156036e-01],
         [ -4.91577438e-01,   4.91577438e-01,  -2.19995445e+00,
            2.19995445e+00,  -1.70837702e+00,   1.70837702e+00],
         [ -2.63611049e+00,  -2.63611049e+00,  -9.27733474e-01,
           -9.27733474e-01,  -4.36156036e-01,  -4.36156036e-01]]), (1, 0): array([[ 0.56384396,  0.07226653,  0.56384396, -1.63611049,  0.07226653,
          -1.63611049],
         [ 1.63611049,  1.63611049, -0.07226653, -0.07226653, -0.56384396,
          -0.56384396],
         [ 0.        ,  0.        ,  0.        ,  0.        ,  0.        ,
           0.        ],
         [ 0.92773347,  0.43615604,  2.63611049,  0.43615604,  2.63611049,
           0.92773347],
         [-0.92773347, -0.43615604, -2.63611049, -0.43615604, -2.63611049,
          -0.92773347],
         [-2.19995445, -1.70837702, -0.49157744,  1.70837702,  0.49157744,
           2.19995445]]), (0, 0): array([[-0.08526   , -0.12434719, -0.08526   ,  0.20960719, -0.12434719,
           0.20960719],
         [ 0.20960719,  0.20960719, -0.12434719, -0.12434719, -0.08526   ,
          -0.08526   ],
         [-0.12434719, -0.08526   ,  0.20960719, -0.08526   ,  0.20960719,
          -0.12434719],
         [ 0.61140199,  0.28743888,  0.61140199,  0.10115914,  0.28743888,
           0.10115914],
         [ 0.10115914,  0.10115914,  0.28743888,  0.28743888,  0.61140199,
           0.61140199],
         [ 0.28743888,  0.61140199,  0.10115914,  0.61140199,  0.10115914,
           0.28743888]])}}}, VectorElement('Lagrange', Domain(Cell('triangle', 2), label=None, data=None), 1, dim=2, quad_scheme=None): {None: {None: {(0, 1): array([[[ -1.00000000e+00,  -1.00000000e+00,  -1.00000000e+00,
            -1.00000000e+00,  -1.00000000e+00,  -1.00000000e+00],
          [  0.00000000e+00,   0.00000000e+00,   0.00000000e+00,
             0.00000000e+00,   0.00000000e+00,   0.00000000e+00]],
  
         [[  8.88178420e-16,   8.88178420e-16,   8.88178420e-16,
             8.88178420e-16,   8.88178420e-16,   8.88178420e-16],
          [  0.00000000e+00,   0.00000000e+00,   0.00000000e+00,
             0.00000000e+00,   0.00000000e+00,   0.00000000e+00]],
  
         [[  1.00000000e+00,   1.00000000e+00,   1.00000000e+00,
             1.00000000e+00,   1.00000000e+00,   1.00000000e+00],
          [  0.00000000e+00,   0.00000000e+00,   0.00000000e+00,
             0.00000000e+00,   0.00000000e+00,   0.00000000e+00]],
  
         [[  0.00000000e+00,   0.00000000e+00,   0.00000000e+00,
             0.00000000e+00,   0.00000000e+00,   0.00000000e+00],
          [ -1.00000000e+00,  -1.00000000e+00,  -1.00000000e+00,
            -1.00000000e+00,  -1.00000000e+00,  -1.00000000e+00]],
  
         [[  0.00000000e+00,   0.00000000e+00,   0.00000000e+00,
             0.00000000e+00,   0.00000000e+00,   0.00000000e+00],
          [  8.88178420e-16,   8.88178420e-16,   8.88178420e-16,
             8.88178420e-16,   8.88178420e-16,   8.88178420e-16]],
  
         [[  0.00000000e+00,   0.00000000e+00,   0.00000000e+00,
             0.00000000e+00,   0.00000000e+00,   0.00000000e+00],
          [  1.00000000e+00,   1.00000000e+00,   1.00000000e+00,
             1.00000000e+00,   1.00000000e+00,   1.00000000e+00]]]), (1, 0): array([[[-1., -1., -1., -1., -1., -1.],
          [ 0.,  0.,  0.,  0.,  0.,  0.]],
  
         [[ 1.,  1.,  1.,  1.,  1.,  1.],
          [ 0.,  0.,  0.,  0.,  0.,  0.]],
  
         [[ 0.,  0.,  0.,  0.,  0.,  0.],
          [ 0.,  0.,  0.,  0.,  0.,  0.]],
  
         [[ 0.,  0.,  0.,  0.,  0.,  0.],
          [-1., -1., -1., -1., -1., -1.]],
  
         [[ 0.,  0.,  0.,  0.,  0.,  0.],
          [ 1.,  1.,  1.,  1.,  1.,  1.]],
  
         [[ 0.,  0.,  0.,  0.,  0.,  0.],
          [ 0.,  0.,  0.,  0.,  0.,  0.]]]), (0, 0): array([[[ 0.10903901,  0.23193337,  0.10903901,  0.65902762,  0.23193337,
            0.65902762],
          [ 0.        ,  0.        ,  0.        ,  0.        ,  0.        ,
            0.        ]],
  
         [[ 0.65902762,  0.65902762,  0.23193337,  0.23193337,  0.10903901,
            0.10903901],
          [ 0.        ,  0.        ,  0.        ,  0.        ,  0.        ,
            0.        ]],
  
         [[ 0.23193337,  0.10903901,  0.65902762,  0.10903901,  0.65902762,
            0.23193337],
          [ 0.        ,  0.        ,  0.        ,  0.        ,  0.        ,
            0.        ]],
  
         [[ 0.        ,  0.        ,  0.        ,  0.        ,  0.        ,
            0.        ],
          [ 0.10903901,  0.23193337,  0.10903901,  0.65902762,  0.23193337,
            0.65902762]],
  
         [[ 0.        ,  0.        ,  0.        ,  0.        ,  0.        ,
            0.        ],
          [ 0.65902762,  0.65902762,  0.23193337,  0.23193337,  0.10903901,
            0.10903901]],
  
         [[ 0.        ,  0.        ,  0.        ,  0.        ,  0.        ,
            0.        ],
          [ 0.23193337,  0.10903901,  0.65902762,  0.10903901,  0.65902762,
            0.23193337]]])}}}}}
  
  QG-utils, psi_tables, flat_tables:
  {'FE0_D10': array([[-1.,  1.,  0.],
         [-1.,  1.,  0.],
         [-1.,  1.,  0.],
         [-1.,  1.,  0.],
         [-1.,  1.,  0.],
         [-1.,  1.,  0.]]), 'FE2_C1_D01': array([[  0.00000000e+00,   0.00000000e+00,   0.00000000e+00,
           -1.00000000e+00,   8.88178420e-16,   1.00000000e+00],
         [  0.00000000e+00,   0.00000000e+00,   0.00000000e+00,
           -1.00000000e+00,   8.88178420e-16,   1.00000000e+00],
         [  0.00000000e+00,   0.00000000e+00,   0.00000000e+00,
           -1.00000000e+00,   8.88178420e-16,   1.00000000e+00],
         [  0.00000000e+00,   0.00000000e+00,   0.00000000e+00,
           -1.00000000e+00,   8.88178420e-16,   1.00000000e+00],
         [  0.00000000e+00,   0.00000000e+00,   0.00000000e+00,
           -1.00000000e+00,   8.88178420e-16,   1.00000000e+00],
         [  0.00000000e+00,   0.00000000e+00,   0.00000000e+00,
           -1.00000000e+00,   8.88178420e-16,   1.00000000e+00]]), 'FE0_D01': array([[ -1.00000000e+00,   8.88178420e-16,   1.00000000e+00],
         [ -1.00000000e+00,   8.88178420e-16,   1.00000000e+00],
         [ -1.00000000e+00,   8.88178420e-16,   1.00000000e+00],
         [ -1.00000000e+00,   8.88178420e-16,   1.00000000e+00],
         [ -1.00000000e+00,   8.88178420e-16,   1.00000000e+00],
         [ -1.00000000e+00,   8.88178420e-16,   1.00000000e+00]]), 'FE2_C0_D01': array([[ -1.00000000e+00,   8.88178420e-16,   1.00000000e+00,
            0.00000000e+00,   0.00000000e+00,   0.00000000e+00],
         [ -1.00000000e+00,   8.88178420e-16,   1.00000000e+00,
            0.00000000e+00,   0.00000000e+00,   0.00000000e+00],
         [ -1.00000000e+00,   8.88178420e-16,   1.00000000e+00,
            0.00000000e+00,   0.00000000e+00,   0.00000000e+00],
         [ -1.00000000e+00,   8.88178420e-16,   1.00000000e+00,
            0.00000000e+00,   0.00000000e+00,   0.00000000e+00],
         [ -1.00000000e+00,   8.88178420e-16,   1.00000000e+00,
            0.00000000e+00,   0.00000000e+00,   0.00000000e+00],
         [ -1.00000000e+00,   8.88178420e-16,   1.00000000e+00,
            0.00000000e+00,   0.00000000e+00,   0.00000000e+00]]), 'FE2_C0_D10': array([[-1.,  1.,  0.,  0.,  0.,  0.],
         [-1.,  1.,  0.,  0.,  0.,  0.],
         [-1.,  1.,  0.,  0.,  0.,  0.],
         [-1.,  1.,  0.,  0.,  0.,  0.],
         [-1.,  1.,  0.,  0.,  0.,  0.],
         [-1.,  1.,  0.,  0.,  0.,  0.]]), 'FE2_C1_D10': array([[ 0.,  0.,  0., -1.,  1.,  0.],
         [ 0.,  0.,  0., -1.,  1.,  0.],
         [ 0.,  0.,  0., -1.,  1.,  0.],
         [ 0.,  0.,  0., -1.,  1.,  0.],
         [ 0.,  0.,  0., -1.,  1.,  0.],
         [ 0.,  0.,  0., -1.,  1.,  0.]]), 'FE2_C1': array([[ 0.        ,  0.        ,  0.        ,  0.10903901,  0.65902762,
           0.23193337],
         [ 0.        ,  0.        ,  0.        ,  0.23193337,  0.65902762,
           0.10903901],
         [ 0.        ,  0.        ,  0.        ,  0.10903901,  0.23193337,
           0.65902762],
         [ 0.        ,  0.        ,  0.        ,  0.65902762,  0.23193337,
           0.10903901],
         [ 0.        ,  0.        ,  0.        ,  0.23193337,  0.10903901,
           0.65902762],
         [ 0.        ,  0.        ,  0.        ,  0.65902762,  0.10903901,
           0.23193337]]), 'FE2_C0': array([[ 0.10903901,  0.65902762,  0.23193337,  0.        ,  0.        ,
           0.        ],
         [ 0.23193337,  0.65902762,  0.10903901,  0.        ,  0.        ,
           0.        ],
         [ 0.10903901,  0.23193337,  0.65902762,  0.        ,  0.        ,
           0.        ],
         [ 0.65902762,  0.23193337,  0.10903901,  0.        ,  0.        ,
           0.        ],
         [ 0.23193337,  0.10903901,  0.65902762,  0.        ,  0.        ,
           0.        ],
         [ 0.65902762,  0.10903901,  0.23193337,  0.        ,  0.        ,
           0.        ]]), 'FE1_D01': array([[  5.63843964e-01,   8.38218384e-15,  -7.22665258e-02,
            2.63611049e+00,  -4.91577438e-01,  -2.63611049e+00],
         [  7.22665258e-02,   7.93809463e-15,  -5.63843964e-01,
            2.63611049e+00,   4.91577438e-01,  -2.63611049e+00],
         [  5.63843964e-01,   8.04911693e-15,   1.63611049e+00,
            9.27733474e-01,  -2.19995445e+00,  -9.27733474e-01],
         [ -1.63611049e+00,   6.21724894e-15,  -5.63843964e-01,
            9.27733474e-01,   2.19995445e+00,  -9.27733474e-01],
         [  7.22665258e-02,   7.71605002e-15,   1.63611049e+00,
            4.36156036e-01,  -1.70837702e+00,  -4.36156036e-01],
         [ -1.63611049e+00,   6.16173779e-15,  -7.22665258e-02,
            4.36156036e-01,   1.70837702e+00,  -4.36156036e-01]]), 'FE1_D10': array([[ 0.56384396,  1.63611049,  0.        ,  0.92773347, -0.92773347,
          -2.19995445],
         [ 0.07226653,  1.63611049,  0.        ,  0.43615604, -0.43615604,
          -1.70837702],
         [ 0.56384396, -0.07226653,  0.        ,  2.63611049, -2.63611049,
          -0.49157744],
         [-1.63611049, -0.07226653,  0.        ,  0.43615604, -0.43615604,
           1.70837702],
         [ 0.07226653, -0.56384396,  0.        ,  2.63611049, -2.63611049,
           0.49157744],
         [-1.63611049, -0.56384396,  0.        ,  0.92773347, -0.92773347,
           2.19995445]]), 'FE0': array([[ 0.10903901,  0.65902762,  0.23193337],
         [ 0.23193337,  0.65902762,  0.10903901],
         [ 0.10903901,  0.23193337,  0.65902762],
         [ 0.65902762,  0.23193337,  0.10903901],
         [ 0.23193337,  0.10903901,  0.65902762],
         [ 0.65902762,  0.10903901,  0.23193337]]), 'FE1': array([[-0.08526   ,  0.20960719, -0.12434719,  0.61140199,  0.10115914,
           0.28743888],
         [-0.12434719,  0.20960719, -0.08526   ,  0.28743888,  0.10115914,
           0.61140199],
         [-0.08526   , -0.12434719,  0.20960719,  0.61140199,  0.28743888,
           0.10115914],
         [ 0.20960719, -0.12434719, -0.08526   ,  0.10115914,  0.28743888,
           0.61140199],
         [-0.12434719, -0.08526   ,  0.20960719,  0.28743888,  0.61140199,
           0.10115914],
         [ 0.20960719, -0.08526   , -0.12434719,  0.10115914,  0.61140199,
           0.28743888]])}
  
  tables: {'FE0_D10': array([[-1.,  1.,  0.],
         [-1.,  1.,  0.],
         [-1.,  1.,  0.],
         [-1.,  1.,  0.],
         [-1.,  1.,  0.],
         [-1.,  1.,  0.]]), 'FE2_C1_D01': array([[  0.00000000e+00,   0.00000000e+00,   0.00000000e+00,
           -1.00000000e+00,   8.88178420e-16,   1.00000000e+00],
         [  0.00000000e+00,   0.00000000e+00,   0.00000000e+00,
           -1.00000000e+00,   8.88178420e-16,   1.00000000e+00],
         [  0.00000000e+00,   0.00000000e+00,   0.00000000e+00,
           -1.00000000e+00,   8.88178420e-16,   1.00000000e+00],
         [  0.00000000e+00,   0.00000000e+00,   0.00000000e+00,
           -1.00000000e+00,   8.88178420e-16,   1.00000000e+00],
         [  0.00000000e+00,   0.00000000e+00,   0.00000000e+00,
           -1.00000000e+00,   8.88178420e-16,   1.00000000e+00],
         [  0.00000000e+00,   0.00000000e+00,   0.00000000e+00,
           -1.00000000e+00,   8.88178420e-16,   1.00000000e+00]]), 'FE0_D01': array([[ -1.00000000e+00,   8.88178420e-16,   1.00000000e+00],
         [ -1.00000000e+00,   8.88178420e-16,   1.00000000e+00],
         [ -1.00000000e+00,   8.88178420e-16,   1.00000000e+00],
         [ -1.00000000e+00,   8.88178420e-16,   1.00000000e+00],
         [ -1.00000000e+00,   8.88178420e-16,   1.00000000e+00],
         [ -1.00000000e+00,   8.88178420e-16,   1.00000000e+00]]), 'FE2_C0_D01': array([[ -1.00000000e+00,   8.88178420e-16,   1.00000000e+00,
            0.00000000e+00,   0.00000000e+00,   0.00000000e+00],
         [ -1.00000000e+00,   8.88178420e-16,   1.00000000e+00,
            0.00000000e+00,   0.00000000e+00,   0.00000000e+00],
         [ -1.00000000e+00,   8.88178420e-16,   1.00000000e+00,
            0.00000000e+00,   0.00000000e+00,   0.00000000e+00],
         [ -1.00000000e+00,   8.88178420e-16,   1.00000000e+00,
            0.00000000e+00,   0.00000000e+00,   0.00000000e+00],
         [ -1.00000000e+00,   8.88178420e-16,   1.00000000e+00,
            0.00000000e+00,   0.00000000e+00,   0.00000000e+00],
         [ -1.00000000e+00,   8.88178420e-16,   1.00000000e+00,
            0.00000000e+00,   0.00000000e+00,   0.00000000e+00]]), 'FE2_C0_D10': array([[-1.,  1.,  0.,  0.,  0.,  0.],
         [-1.,  1.,  0.,  0.,  0.,  0.],
         [-1.,  1.,  0.,  0.,  0.,  0.],
         [-1.,  1.,  0.,  0.,  0.,  0.],
         [-1.,  1.,  0.,  0.,  0.,  0.],
         [-1.,  1.,  0.,  0.,  0.,  0.]]), 'FE2_C1_D10': array([[ 0.,  0.,  0., -1.,  1.,  0.],
         [ 0.,  0.,  0., -1.,  1.,  0.],
         [ 0.,  0.,  0., -1.,  1.,  0.],
         [ 0.,  0.,  0., -1.,  1.,  0.],
         [ 0.,  0.,  0., -1.,  1.,  0.],
         [ 0.,  0.,  0., -1.,  1.,  0.]]), 'FE2_C1': array([[ 0.        ,  0.        ,  0.        ,  0.10903901,  0.65902762,
           0.23193337],
         [ 0.        ,  0.        ,  0.        ,  0.23193337,  0.65902762,
           0.10903901],
         [ 0.        ,  0.        ,  0.        ,  0.10903901,  0.23193337,
           0.65902762],
         [ 0.        ,  0.        ,  0.        ,  0.65902762,  0.23193337,
           0.10903901],
         [ 0.        ,  0.        ,  0.        ,  0.23193337,  0.10903901,
           0.65902762],
         [ 0.        ,  0.        ,  0.        ,  0.65902762,  0.10903901,
           0.23193337]]), 'FE2_C0': array([[ 0.10903901,  0.65902762,  0.23193337,  0.        ,  0.        ,
           0.        ],
         [ 0.23193337,  0.65902762,  0.10903901,  0.        ,  0.        ,
           0.        ],
         [ 0.10903901,  0.23193337,  0.65902762,  0.        ,  0.        ,
           0.        ],
         [ 0.65902762,  0.23193337,  0.10903901,  0.        ,  0.        ,
           0.        ],
         [ 0.23193337,  0.10903901,  0.65902762,  0.        ,  0.        ,
           0.        ],
         [ 0.65902762,  0.10903901,  0.23193337,  0.        ,  0.        ,
           0.        ]]), 'FE1_D01': array([[  5.63843964e-01,   8.38218384e-15,  -7.22665258e-02,
            2.63611049e+00,  -4.91577438e-01,  -2.63611049e+00],
         [  7.22665258e-02,   7.93809463e-15,  -5.63843964e-01,
            2.63611049e+00,   4.91577438e-01,  -2.63611049e+00],
         [  5.63843964e-01,   8.04911693e-15,   1.63611049e+00,
            9.27733474e-01,  -2.19995445e+00,  -9.27733474e-01],
         [ -1.63611049e+00,   6.21724894e-15,  -5.63843964e-01,
            9.27733474e-01,   2.19995445e+00,  -9.27733474e-01],
         [  7.22665258e-02,   7.71605002e-15,   1.63611049e+00,
            4.36156036e-01,  -1.70837702e+00,  -4.36156036e-01],
         [ -1.63611049e+00,   6.16173779e-15,  -7.22665258e-02,
            4.36156036e-01,   1.70837702e+00,  -4.36156036e-01]]), 'FE1_D10': array([[ 0.56384396,  1.63611049,  0.        ,  0.92773347, -0.92773347,
          -2.19995445],
         [ 0.07226653,  1.63611049,  0.        ,  0.43615604, -0.43615604,
          -1.70837702],
         [ 0.56384396, -0.07226653,  0.        ,  2.63611049, -2.63611049,
          -0.49157744],
         [-1.63611049, -0.07226653,  0.        ,  0.43615604, -0.43615604,
           1.70837702],
         [ 0.07226653, -0.56384396,  0.        ,  2.63611049, -2.63611049,
           0.49157744],
         [-1.63611049, -0.56384396,  0.        ,  0.92773347, -0.92773347,
           2.19995445]]), 'FE0': array([[ 0.10903901,  0.65902762,  0.23193337],
         [ 0.23193337,  0.65902762,  0.10903901],
         [ 0.10903901,  0.23193337,  0.65902762],
         [ 0.65902762,  0.23193337,  0.10903901],
         [ 0.23193337,  0.10903901,  0.65902762],
         [ 0.65902762,  0.10903901,  0.23193337]]), 'FE1': array([[-0.08526   ,  0.20960719, -0.12434719,  0.61140199,  0.10115914,
           0.28743888],
         [-0.12434719,  0.20960719, -0.08526   ,  0.28743888,  0.10115914,
           0.61140199],
         [-0.08526   , -0.12434719,  0.20960719,  0.61140199,  0.28743888,
           0.10115914],
         [ 0.20960719, -0.12434719, -0.08526   ,  0.10115914,  0.28743888,
           0.61140199],
         [-0.12434719, -0.08526   ,  0.20960719,  0.28743888,  0.61140199,
           0.10115914],
         [ 0.20960719, -0.08526   , -0.12434719,  0.10115914,  0.61140199,
           0.28743888]])}
  
  name_map: {}
  
  inv_name_map: {'FE0_D10': 'FE0_D10', 'FE2_C1_D01': 'FE2_C1_D01', 'FE0_D01': 'FE0_D01', 'FE2_C0': 'FE2_C0', 'FE1': 'FE1', 'FE2_C1_D10': 'FE2_C1_D10', 'FE2_C1': 'FE2_C1', 'FE2_C0_D01': 'FE2_C0_D01', 'FE1_D01': 'FE1_D01', 'FE1_D10': 'FE1_D10', 'FE0': 'FE0', 'FE2_C0_D10': 'FE2_C0_D10'}
  
  QG-utils, psi_tables, unique_tables:
  {'FE0_D01': array([[-1.,  1.],
         [-1.,  1.],
         [-1.,  1.],
         [-1.,  1.],
         [-1.,  1.],
         [-1.,  1.]]), 'FE1_D01': array([[ 0.56384396, -0.07226653,  2.63611049, -0.49157744, -2.63611049],
         [ 0.07226653, -0.56384396,  2.63611049,  0.49157744, -2.63611049],
         [ 0.56384396,  1.63611049,  0.92773347, -2.19995445, -0.92773347],
         [-1.63611049, -0.56384396,  0.92773347,  2.19995445, -0.92773347],
         [ 0.07226653,  1.63611049,  0.43615604, -1.70837702, -0.43615604],
         [-1.63611049, -0.07226653,  0.43615604,  1.70837702, -0.43615604]]), 'FE1_D10': array([[ 0.56384396,  1.63611049,  0.92773347, -0.92773347, -2.19995445],
         [ 0.07226653,  1.63611049,  0.43615604, -0.43615604, -1.70837702],
         [ 0.56384396, -0.07226653,  2.63611049, -2.63611049, -0.49157744],
         [-1.63611049, -0.07226653,  0.43615604, -0.43615604,  1.70837702],
         [ 0.07226653, -0.56384396,  2.63611049, -2.63611049,  0.49157744],
         [-1.63611049, -0.56384396,  0.92773347, -0.92773347,  2.19995445]]), 'FE0': array([[ 0.10903901,  0.65902762,  0.23193337],
         [ 0.23193337,  0.65902762,  0.10903901],
         [ 0.10903901,  0.23193337,  0.65902762],
         [ 0.65902762,  0.23193337,  0.10903901],
         [ 0.23193337,  0.10903901,  0.65902762],
         [ 0.65902762,  0.10903901,  0.23193337]]), 'FE1': array([[-0.08526   ,  0.20960719, -0.12434719,  0.61140199,  0.10115914,
           0.28743888],
         [-0.12434719,  0.20960719, -0.08526   ,  0.28743888,  0.10115914,
           0.61140199],
         [-0.08526   , -0.12434719,  0.20960719,  0.61140199,  0.28743888,
           0.10115914],
         [ 0.20960719, -0.12434719, -0.08526   ,  0.10115914,  0.28743888,
           0.61140199],
         [-0.12434719, -0.08526   ,  0.20960719,  0.28743888,  0.61140199,
           0.10115914],
         [ 0.20960719, -0.08526   , -0.12434719,  0.10115914,  0.61140199,
           0.28743888]])}
  
  QG-utils, psi_tables, name_map:
  {'FE0_D10': ('FE0_D01', (1, [0, 1]), False, False), 'FE2_C1_D01': ('FE0_D01', (8, [3, 5]), False, False), 'FE0_D01': ('FE0_D01', (0, [0, 2]), False, False), 'FE2_C0': ('FE0', (4, [0, 1, 2]), False, False), 'FE1': ('FE1', (), False, False), 'FE2_C1_D10': ('FE0_D01', (9, [3, 4]), False, False), 'FE2_C1': ('FE0', (7, [3, 4, 5]), False, False), 'FE2_C0_D01': ('FE0_D01', (5, [0, 2]), False, False), 'FE1_D01': ('FE1_D01', (2, [0, 2, 3, 4, 5]), False, False), 'FE1_D10': ('FE1_D10', (3, [0, 1, 3, 4, 5]), False, False), 'FE0': ('FE0', (), False, False), 'FE2_C0_D10': ('FE0_D01', (6, [0, 1]), False, False)}
  Transforming cell integral
  Reusing element from cache
  Reusing element from cache
  Reusing element from cache
  Reusing element from cache
  Reusing element from cache
  Reusing element from cache
  Reusing element from cache
  Reusing element from cache
  Reusing element from cache
  Reusing element from cache
  Reusing element from cache
  Reusing element from cache
  Reusing element from cache
  Reusing element from cache
  Reusing element from cache
  Computing tensor representation
  Extracting monomial form representation from UFL form
  Transforming monomial form to reference element
  Reusing element from cache
  Reusing element from cache
  Precomputing integrals on reference element
  Reusing element from cache
  Reusing element from cache
  18 entries computed in 0.00129 seconds
  Shape of reference tensor: (3, 6)
  Primary multi index:   rank = 0 dims = [] indices = [[]]
  Secondary multi index: rank = 2 dims = [3, 6] indices = [[0, 0], [0, 1], [0, 2], [0, 3], [0, 4], [0, 5], [1, 0], [1, 1], [1, 2], [1, 3], [1, 4], [1, 5], [2, 0], [2, 1], [2, 2], [2, 3], [2, 4], [2, 5]]
  Internal multi index:  rank = 0 dims = [] indices = [[]]
  Secondary multi index: rank = 2 dims = [3, 6] indices = [[0, 0], [0, 1], [0, 2], [0, 3], [0, 4], [0, 5], [1, 0], [1, 1], [1, 2], [1, 3], [1, 4], [1, 5], [2, 0], [2, 1], [2, 2], [2, 3], [2, 4], [2, 5]]
  External multi index:  rank = 0 dims = [] indices = [[]]
  Precomputing integrals on reference element
  Reusing element from cache
  Reusing element from cache
  18 entries computed in 0.00115 seconds
  Shape of reference tensor: (3, 6)
  Primary multi index:   rank = 0 dims = [] indices = [[]]
  Secondary multi index: rank = 2 dims = [3, 6] indices = [[0, 0], [0, 1], [0, 2], [0, 3], [0, 4], [0, 5], [1, 0], [1, 1], [1, 2], [1, 3], [1, 4], [1, 5], [2, 0], [2, 1], [2, 2], [2, 3], [2, 4], [2, 5]]
  Internal multi index:  rank = 0 dims = [] indices = [[]]
  Secondary multi index: rank = 2 dims = [3, 6] indices = [[0, 0], [0, 1], [0, 2], [0, 3], [0, 4], [0, 5], [1, 0], [1, 1], [1, 2], [1, 3], [1, 4], [1, 5], [2, 0], [2, 1], [2, 2], [2, 3], [2, 4], [2, 5]]
  External multi index:  rank = 0 dims = [] indices = [[]]
  Precomputing integrals on reference element
  Reusing element from cache
  Reusing element from cache
  18 entries computed in 0.00116 seconds
  Shape of reference tensor: (3, 6)
  Primary multi index:   rank = 0 dims = [] indices = [[]]
  Secondary multi index: rank = 2 dims = [3, 6] indices = [[0, 0], [0, 1], [0, 2], [0, 3], [0, 4], [0, 5], [1, 0], [1, 1], [1, 2], [1, 3], [1, 4], [1, 5], [2, 0], [2, 1], [2, 2], [2, 3], [2, 4], [2, 5]]
  Internal multi index:  rank = 0 dims = [] indices = [[]]
