This is FFC, the FEniCS Form Compiler, version 1.3.0.
For further information, visit http://www.fenics.org/ffc/.

Compiling form StiffnessMatrix

Compiler stage 1: Analyzing form(s)
-----------------------------------
  
  Name:                   'a'
  Cell:                   <triangle cell in 2D>
  Topological dimension:  2
  Geometric dimension:    2
  Rank:                   2
  Number of coefficients: 0
  Arguments:              '[v_{-2}, v_{-1}]'
  Coefficients:           '[]'
  Argument names:         '[v, u]'
  Coefficient names:      '[]'
  Unique elements:        'CG1(?)'
  Unique sub elements:    'CG1(?)'
  Domains:                (Domain(Cell('triangle', 2), 'triangle_multiverse', 2, 2),
                          )
  Top level domains:      (Domain(Cell('triangle', 2), 'triangle_multiverse', 2, 2),
                          )
  
  Extracting monomial form representation from UFL form
  Transforming monomial form to reference element
  Reusing element from cache
  Estimated cost of tensor representation: 2
  representation:    auto --> tensor
  Selecting quadrature degree based on total polynomial degree of integrand: 0
  quadrature_degree: auto --> 0
  quadrature_rule:   auto --> default
  
  Name:                   'L'
  Cell:                   <triangle cell in 2D>
  Topological dimension:  2
  Geometric dimension:    2
  Rank:                   1
  Number of coefficients: 0
  Arguments:              '[v_{-2}]'
  Coefficients:           '[]'
  Argument names:         '[v]'
  Coefficient names:      '[]'
  Unique elements:        'CG1(?)'
  Unique sub elements:    'CG1(?)'
  Domains:                (Domain(Cell('triangle', 2), 'triangle_multiverse', 2, 2),
                          )
  Top level domains:      (Domain(Cell('triangle', 2), 'triangle_multiverse', 2, 2),
                          )
  
  Extracting monomial form representation from UFL form
  Monomial extraction failed: No handler defined for terminal SpatialCoordinate.
  Estimated cost of tensor representation: -1
  representation:    auto --> quadrature
  Selecting quadrature degree based on total polynomial degree of integrand: 4
  quadrature_degree: auto --> 4
  quadrature_rule:   auto --> default
  
Compiler stage 1 finished in 0.011404 seconds.

Compiler stage 2: Computing intermediate representation
-------------------------------------------------------
  Computing representation of 1 elements
  Reusing element from cache
  Reusing element from cache
  Computing representation of 1 dofmaps
  Reusing element from cache
  Computing representation of integrals
  Computing tensor representation
  Extracting monomial form representation from UFL form
  Transforming monomial form to reference element
  Reusing element from cache
  Reusing element from cache
  Reusing element from cache
  Precomputing integrals on reference element
  Reusing element from cache
  36 entries computed in 0.000664 seconds
  Shape of reference tensor: (3, 3, 2, 2)
  Primary multi index:   rank = 2 dims = [3, 3] indices = [[0, 0], [0, 1], [0, 2], [1, 0], [1, 1], [1, 2], [2, 0], [2, 1], [2, 2]]
  Secondary multi index: rank = 2 dims = [2, 2] indices = [[0, 0], [0, 1], [1, 0], [1, 1]]
  Internal multi index:  rank = 0 dims = [] indices = [[]]
  Secondary multi index: rank = 2 dims = [2, 2] indices = [[0, 0], [0, 1], [1, 0], [1, 1]]
  External multi index:  rank = 1 dims = [2] indices = [[0], [1]]
  Computing quadrature representation
  Reusing element from cache
  Reusing element from cache
  Reusing element from cache
  
  QG-utils, psi_tables:
  {6: {FiniteElement('Lagrange', Domain(Cell('triangle', 2), 'triangle_multiverse', 2, 2), 1, None): {None: {None: {(0, 0): array([[0.091576213509770035, 0.091576213509770077, 0.81684757298045807,
          0.44594849091596506, 0.445948490915965, 0.10810301816807004],
         [0.81684757298045907, 0.091576213509771076, 0.091576213509770979,
          0.10810301816807004, 0.445948490915965, 0.44594849091596506],
         [0.091576213509770993, 0.81684757298045896, 0.091576213509770993,
          0.445948490915965, 0.10810301816807, 0.445948490915965]], dtype=object)}}}}}
  
  QG-utils, psi_tables, flat_tables:
  {'FE0': array([[0.091576213509770035, 0.81684757298045907, 0.091576213509770993],
         [0.091576213509770077, 0.091576213509771076, 0.81684757298045896],
         [0.81684757298045807, 0.091576213509770979, 0.091576213509770993],
         [0.44594849091596506, 0.10810301816807004, 0.445948490915965],
         [0.445948490915965, 0.445948490915965, 0.10810301816807],
         [0.10810301816807004, 0.44594849091596506, 0.445948490915965]], dtype=object)}
  
  tables: {'FE0': array([[0.091576213509770035, 0.81684757298045907, 0.091576213509770993],
         [0.091576213509770077, 0.091576213509771076, 0.81684757298045896],
         [0.81684757298045807, 0.091576213509770979, 0.091576213509770993],
         [0.44594849091596506, 0.10810301816807004, 0.445948490915965],
         [0.445948490915965, 0.445948490915965, 0.10810301816807],
         [0.10810301816807004, 0.44594849091596506, 0.445948490915965]], dtype=object)}
  
  name_map: {}
  
  inv_name_map: {'FE0': 'FE0'}
  
  QG-utils, psi_tables, unique_tables:
  {'FE0': array([[0.091576213509770035, 0.81684757298045907, 0.091576213509770993],
         [0.091576213509770077, 0.091576213509771076, 0.81684757298045896],
         [0.81684757298045807, 0.091576213509770979, 0.091576213509770993],
         [0.44594849091596506, 0.10810301816807004, 0.445948490915965],
         [0.445948490915965, 0.445948490915965, 0.10810301816807],
         [0.10810301816807004, 0.44594849091596506, 0.445948490915965]], dtype=object)}
  
  QG-utils, psi_tables, name_map:
  {'FE0': ('FE0', (), False, False)}
  Transforming cell integral
  Reusing element from cache
  Reusing element from cache
  Computing representation of forms
  
Compiler stage 2 finished in 0.00819993 seconds.

Compiler stage 3: Optimizing intermediate representation
--------------------------------------------------------
  FErari not installed, skipping tensor optimizations
  Optimising expressions for cell integral
  
Compiler stage 3 finished in 0.000307083 seconds.

Compiler stage 4: Generating code
---------------------------------
  Generating code for 1 element(s)
  Removing unused variable: tmp2
  Removing unused variable: tmp1
  Removing unused variable: tmp7
  Removing unused variable: tmp6
  Removing unused variable: tmp5
  Removing unused variable: tt
  Removing unused variable: ss
  Removing unused variable: rr
  Removing unused variable: tmp2
  Removing unused variable: tmp1
  Removing unused variable: tmp7
  Removing unused variable: tmp6
  Removing unused variable: tmp5
  Removing unused variable: tt
  Removing unused variable: ss
  Removing unused variable: rr
  Removing unused variable: tmp2
  Removing unused variable: tmp1
  Removing unused variable: tmp7
  Removing unused variable: tmp6
  Removing unused variable: tmp5
  Removing unused variable: tt
  Removing unused variable: ss
  Removing unused variable: rr
  Removing unused variable: tmp2
  Removing unused variable: tmp1
  Removing unused variable: tmp7
  Removing unused variable: tmp6
  Removing unused variable: tmp5
  Removing unused variable: tt
  Removing unused variable: ss
  Removing unused variable: rr
  Removing unused variable: tmp2
  Removing unused variable: tmp1
  Removing unused variable: tmp7
  Removing unused variable: tmp6
  Removing unused variable: tmp5
  Removing unused variable: tt
  Removing unused variable: ss
  Removing unused variable: rr
  Removing unused variable: tmp2
  Removing unused variable: tmp1
  Removing unused variable: tmp7
  Removing unused variable: tmp6
  Removing unused variable: tmp5
  Removing unused variable: tt
  Removing unused variable: ss
  Removing unused variable: rr
  Generating code for 1 dofmap(s)
  Generating code for integrals
  Removing unused variable: circumradius
  Removing unused variable: v0v1
  Removing unused variable: v0v2
  Removing unused variable: v1v2
  Removing unused variable: volume
  Cell, number of operations to compute tensor: 114
  Generating code for forms
  
Compiler stage 4 finished in 0.0312371 seconds.

Compiler stage 4.1: Generating additional wrapper code
------------------------------------------------------
  Generating wrapper code for DOLFIN
  
Compiler stage 4.1 finished in 0.000364065 seconds.

Compiler stage 5: Formatting code
---------------------------------
  Output written to ./StiffnessMatrix.h.
  
Compiler stage 5 finished in 0.000464916 seconds.

[1;37;32mFFC finished in 0.0522311 seconds.[0m
