This is FFC, the FEniCS Form Compiler, version 1.3.0.
For further information, visit http://www.fenics.org/ffc/.

Compiling form SpatialCoordinates

Compiler stage 1: Analyzing form(s)
-----------------------------------
  
  Name:                   'a'
  Cell:                   <triangle cell in 2D>
  Topological dimension:  2
  Geometric dimension:    2
  Rank:                   2
  Number of coefficients: 0
  Arguments:              '[v_{-2}, v_{-1}]'
  Coefficients:           '[]'
  Argument names:         '[v, u]'
  Coefficient names:      '[]'
  Unique elements:        'CG2(?)'
  Unique sub elements:    'CG2(?)'
  Domains:                (Domain(Cell('triangle', 2), 'triangle_multiverse', 2, 2),
                          )
  Top level domains:      (Domain(Cell('triangle', 2), 'triangle_multiverse', 2, 2),
                          )
  
  Extracting monomial form representation from UFL form
  Transforming monomial form to reference element
  Reusing element from cache
  Estimated cost of tensor representation: 2
  representation:    auto --> tensor
  Selecting quadrature degree based on total polynomial degree of integrand: 2
  quadrature_degree: auto --> 2
  quadrature_rule:   auto --> default
  
  Name:                   'L'
  Cell:                   <triangle cell in 2D>
  Topological dimension:  2
  Geometric dimension:    2
  Rank:                   1
  Number of coefficients: 0
  Arguments:              '[v_{-2}]'
  Coefficients:           '[]'
  Argument names:         '[v]'
  Coefficient names:      '[]'
  Unique elements:        'CG2(?)'
  Unique sub elements:    'CG2(?)'
  Domains:                (Domain(Cell('triangle', 2), 'triangle_multiverse', 2, 2),
                          )
  Top level domains:      (Domain(Cell('triangle', 2), 'triangle_multiverse', 2, 2),
                          )
  
  Extracting monomial form representation from UFL form
  Monomial extraction failed: No handler defined for terminal SpatialCoordinate.
  Estimated cost of tensor representation: -1
  representation:    auto --> quadrature
  Selecting quadrature degree based on total polynomial degree of integrand: 6
  quadrature_degree: auto --> 6
  quadrature_rule:   auto --> default
  Extracting monomial form representation from UFL form
  Monomial extraction failed: No handler defined for terminal SpatialCoordinate.
  Estimated cost of tensor representation: -1
  representation:    auto --> quadrature
  Selecting quadrature degree based on total polynomial degree of integrand: 5
  quadrature_degree: auto --> 5
  quadrature_rule:   auto --> default
  
Compiler stage 1 finished in 0.0157611 seconds.

Compiler stage 2: Computing intermediate representation
-------------------------------------------------------
  Computing representation of 1 elements
  Reusing element from cache
  Reusing element from cache
  Computing representation of 1 dofmaps
  Reusing element from cache
  Computing representation of integrals
  Computing tensor representation
  Extracting monomial form representation from UFL form
  Transforming monomial form to reference element
  Reusing element from cache
  Reusing element from cache
  Reusing element from cache
  Precomputing integrals on reference element
  Reusing element from cache
  144 entries computed in 0.00123 seconds
  Shape of reference tensor: (6, 6, 2, 2)
  Primary multi index:   rank = 2 dims = [6, 6] indices = [[0, 0], [0, 1], [0, 2], [0, 3], [0, 4], [0, 5], [1, 0], [1, 1], [1, 2], [1, 3], [1, 4], [1, 5], [2, 0], [2, 1], [2, 2], [2, 3], [2, 4], [2, 5], [3, 0], [3, 1], [3, 2], [3, 3], [3, 4], [3, 5], [4, 0], [4, 1], [4, 2], [4, 3], [4, 4], [4, 5], [5, 0], [5, 1], [5, 2], [5, 3], [5, 4], [5, 5]]
  Secondary multi index: rank = 2 dims = [2, 2] indices = [[0, 0], [0, 1], [1, 0], [1, 1]]
  Internal multi index:  rank = 0 dims = [] indices = [[]]
  Secondary multi index: rank = 2 dims = [2, 2] indices = [[0, 0], [0, 1], [1, 0], [1, 1]]
  External multi index:  rank = 1 dims = [2] indices = [[0], [1]]
  Computing quadrature representation
  Reusing element from cache
  Reusing element from cache
  Reusing element from cache
  
  QG-utils, psi_tables:
  {12: {FiniteElement('Lagrange', Domain(Cell('triangle', 2), 'triangle_multiverse', 2, 2), 2, None): {None: {None: {(0, 0): array([[-0.05512856699248412, -0.055128566992484043, 0.65330770304705954,
          -0.1249989825350975, -0.1249989825350975, 0.0014305795177898609,
          -0.047496257198800081, -0.11771516330842913, -0.047496257198799997,
          0.17376836365417414, -0.11771516330842907, 0.17376836365417411],
         [0.65330770304705943, -0.055128566992484043, -0.055128566992484106,
          0.0014305795177887645, -0.12499898253509756, -0.12499898253509753,
          0.17376836365417397, 0.17376836365417411, -0.11771516330842918,
          -0.11771516330842915, -0.047496257198800025, -0.047496257198800088],
         [-0.055128566992484113, 0.65330770304705976, -0.055128566992484113,
          -0.12499898253509753, 0.0014305795177888686, -0.12499898253509753,
          -0.11771516330842913, -0.04749625719879999, 0.17376836365417414,
          -0.04749625719879999, 0.17376836365417414, -0.11771516330842913],
         [0.22051426796993645, 0.22051426796993634, 0.015920894998035798,
          0.49999593014038918, 0.49999593014038912, 0.2485755252716248,
          0.79016044276582287, 0.13530782816862674, 0.79016044276582298,
          0.065974785918605214, 0.13530782816862677, 0.065974785918605353],
         [0.015920894998035756, 0.22051426796993628, 0.22051426796993645,
          0.24857552527162582, 0.49999593014039118, 0.49999593014039018,
          0.065974785918605366, 0.0659747859186052, 0.13530782816862683,
          0.13530782816862666, 0.79016044276582298, 0.79016044276582287],
         [0.22051426796993645, 0.015920894998035798, 0.22051426796993645,
          0.49999593014039118, 0.24857552527162582, 0.49999593014039018,
          0.13530782816862685, 0.79016044276582309, 0.065974785918605255,
          0.79016044276582309, 0.065974785918605255, 0.13530782816862685]], dtype=object)}}}}}
  
  QG-utils, psi_tables, flat_tables:
  {'FE0': array([[-0.05512856699248412, 0.65330770304705943, -0.055128566992484113,
          0.22051426796993645, 0.015920894998035756, 0.22051426796993645],
         [-0.055128566992484043, -0.055128566992484043, 0.65330770304705976,
          0.22051426796993634, 0.22051426796993628, 0.015920894998035798],
         [0.65330770304705954, -0.055128566992484106, -0.055128566992484113,
          0.015920894998035798, 0.22051426796993645, 0.22051426796993645],
         [-0.1249989825350975, 0.0014305795177887645, -0.12499898253509753,
          0.49999593014038918, 0.24857552527162582, 0.49999593014039118],
         [-0.1249989825350975, -0.12499898253509756, 0.0014305795177888686,
          0.49999593014038912, 0.49999593014039118, 0.24857552527162582],
         [0.0014305795177898609, -0.12499898253509753, -0.12499898253509753,
          0.2485755252716248, 0.49999593014039018, 0.49999593014039018],
         [-0.047496257198800081, 0.17376836365417397, -0.11771516330842913,
          0.79016044276582287, 0.065974785918605366, 0.13530782816862685],
         [-0.11771516330842913, 0.17376836365417411, -0.04749625719879999,
          0.13530782816862674, 0.0659747859186052, 0.79016044276582309],
         [-0.047496257198799997, -0.11771516330842918, 0.17376836365417414,
          0.79016044276582298, 0.13530782816862683, 0.065974785918605255],
         [0.17376836365417414, -0.11771516330842915, -0.04749625719879999,
          0.065974785918605214, 0.13530782816862666, 0.79016044276582309],
         [-0.11771516330842907, -0.047496257198800025, 0.17376836365417414,
          0.13530782816862677, 0.79016044276582298, 0.065974785918605255],
         [0.17376836365417411, -0.047496257198800088, -0.11771516330842913,
          0.065974785918605353, 0.79016044276582287, 0.13530782816862685]], dtype=object)}
  
  tables: {'FE0': array([[-0.05512856699248412, 0.65330770304705943, -0.055128566992484113,
          0.22051426796993645, 0.015920894998035756, 0.22051426796993645],
         [-0.055128566992484043, -0.055128566992484043, 0.65330770304705976,
          0.22051426796993634, 0.22051426796993628, 0.015920894998035798],
         [0.65330770304705954, -0.055128566992484106, -0.055128566992484113,
          0.015920894998035798, 0.22051426796993645, 0.22051426796993645],
         [-0.1249989825350975, 0.0014305795177887645, -0.12499898253509753,
          0.49999593014038918, 0.24857552527162582, 0.49999593014039118],
         [-0.1249989825350975, -0.12499898253509756, 0.0014305795177888686,
          0.49999593014038912, 0.49999593014039118, 0.24857552527162582],
         [0.0014305795177898609, -0.12499898253509753, -0.12499898253509753,
          0.2485755252716248, 0.49999593014039018, 0.49999593014039018],
         [-0.047496257198800081, 0.17376836365417397, -0.11771516330842913,
          0.79016044276582287, 0.065974785918605366, 0.13530782816862685],
         [-0.11771516330842913, 0.17376836365417411, -0.04749625719879999,
          0.13530782816862674, 0.0659747859186052, 0.79016044276582309],
         [-0.047496257198799997, -0.11771516330842918, 0.17376836365417414,
          0.79016044276582298, 0.13530782816862683, 0.065974785918605255],
         [0.17376836365417414, -0.11771516330842915, -0.04749625719879999,
          0.065974785918605214, 0.13530782816862666, 0.79016044276582309],
         [-0.11771516330842907, -0.047496257198800025, 0.17376836365417414,
          0.13530782816862677, 0.79016044276582298, 0.065974785918605255],
         [0.17376836365417411, -0.047496257198800088, -0.11771516330842913,
          0.065974785918605353, 0.79016044276582287, 0.13530782816862685]], dtype=object)}
  
  name_map: {}
  
  inv_name_map: {'FE0': 'FE0'}
  
  QG-utils, psi_tables, unique_tables:
  {'FE0': array([[-0.05512856699248412, 0.65330770304705943, -0.055128566992484113,
          0.22051426796993645, 0.015920894998035756, 0.22051426796993645],
         [-0.055128566992484043, -0.055128566992484043, 0.65330770304705976,
          0.22051426796993634, 0.22051426796993628, 0.015920894998035798],
         [0.65330770304705954, -0.055128566992484106, -0.055128566992484113,
          0.015920894998035798, 0.22051426796993645, 0.22051426796993645],
         [-0.1249989825350975, 0.0014305795177887645, -0.12499898253509753,
          0.49999593014038918, 0.24857552527162582, 0.49999593014039118],
         [-0.1249989825350975, -0.12499898253509756, 0.0014305795177888686,
          0.49999593014038912, 0.49999593014039118, 0.24857552527162582],
         [0.0014305795177898609, -0.12499898253509753, -0.12499898253509753,
          0.2485755252716248, 0.49999593014039018, 0.49999593014039018],
         [-0.047496257198800081, 0.17376836365417397, -0.11771516330842913,
          0.79016044276582287, 0.065974785918605366, 0.13530782816862685],
         [-0.11771516330842913, 0.17376836365417411, -0.04749625719879999,
          0.13530782816862674, 0.0659747859186052, 0.79016044276582309],
         [-0.047496257198799997, -0.11771516330842918, 0.17376836365417414,
          0.79016044276582298, 0.13530782816862683, 0.065974785918605255],
         [0.17376836365417414, -0.11771516330842915, -0.04749625719879999,
          0.065974785918605214, 0.13530782816862666, 0.79016044276582309],
         [-0.11771516330842907, -0.047496257198800025, 0.17376836365417414,
          0.13530782816862677, 0.79016044276582298, 0.065974785918605255],
         [0.17376836365417411, -0.047496257198800088, -0.11771516330842913,
          0.065974785918605353, 0.79016044276582287, 0.13530782816862685]], dtype=object)}
  
  QG-utils, psi_tables, name_map:
  {'FE0': ('FE0', (), False, False)}
  Transforming cell integral
  Reusing element from cache
  Reusing element from cache
  Computing quadrature representation
  Reusing element from cache
  Reusing element from cache
  Reusing element from cache
  
  QG-utils, psi_tables:
  {3: {FiniteElement('Lagrange', Domain(Cell('triangle', 2), 'triangle_multiverse', 2, 2), 2, None): {None: {0: {(0, 0): array([[1.1275702593849246e-16, 4.163336342344337e-17,
          4.163336342344337e-17],
         [0.68729833462074186, -9.7144514654701197e-17, -0.08729833462074163],
         [-0.087298334620741658, 8.3266726846886741e-17, 0.68729833462074186],
         [0.39999999999999991, 0.99999999999999978, 0.3999999999999998],
         [-4.8572257327350599e-17, 1.3877787807814457e-17,
          5.5511151231257827e-17],
         [-1.231653667943533e-16, 0.0, -6.9388939039072284e-17]], dtype=object)}, 1: {(0, 0): array([[0.68729833462074175, 8.3266726846886741e-17, -0.087298334620741616],
         [9.3675067702747583e-17, 8.3266726846886741e-17,
          9.7144514654701197e-17],
         [-0.087298334620741658, 8.3266726846886741e-17, 0.68729833462074186],
         [-2.7755575615628914e-17, 0.0, 0.0],
         [0.39999999999999974, 0.99999999999999978, 0.39999999999999974],
         [-1.231653667943533e-16, 0.0, -6.9388939039072284e-17]], dtype=object)}, 2: {(0, 0): array([[0.68729833462074175, 4.163336342344337e-17, -0.087298334620741685],
         [-0.08729833462074163, 1.3877787807814457e-17, 0.68729833462074175],
         [0.0, 0.0, 0.0],
         [0.0, 0.0, 0.0],
         [-2.7755575615628914e-17, -5.5511151231257827e-17,
          -5.5511151231257827e-17],
         [0.39999999999999991, 1.0, 0.39999999999999991]], dtype=object)}}}}}
  
  QG-utils, psi_tables, flat_tables:
  {'FE0_f0': array([[1.1275702593849246e-16, 0.68729833462074186, -0.087298334620741658,
          0.39999999999999991, -4.8572257327350599e-17,
          -1.231653667943533e-16],
         [4.163336342344337e-17, -9.7144514654701197e-17,
          8.3266726846886741e-17, 0.99999999999999978,
          1.3877787807814457e-17, 0.0],
         [4.163336342344337e-17, -0.08729833462074163, 0.68729833462074186,
          0.3999999999999998, 5.5511151231257827e-17, -6.9388939039072284e-17]], dtype=object), 'FE0_f1': array([[0.68729833462074175, 9.3675067702747583e-17, -0.087298334620741658,
          -2.7755575615628914e-17, 0.39999999999999974,
          -1.231653667943533e-16],
         [8.3266726846886741e-17, 8.3266726846886741e-17,
          8.3266726846886741e-17, 0.0, 0.99999999999999978, 0.0],
         [-0.087298334620741616, 9.7144514654701197e-17, 0.68729833462074186,
          0.0, 0.39999999999999974, -6.9388939039072284e-17]], dtype=object), 'FE0_f2': array([[0.68729833462074175, -0.08729833462074163, 0.0, 0.0,
          -2.7755575615628914e-17, 0.39999999999999991],
         [4.163336342344337e-17, 1.3877787807814457e-17, 0.0, 0.0,
          -5.5511151231257827e-17, 1.0],
         [-0.087298334620741685, 0.68729833462074175, 0.0, 0.0,
          -5.5511151231257827e-17, 0.39999999999999991]], dtype=object)}
  
  tables: {'FE0_f0': array([[1.1275702593849246e-16, 0.68729833462074186, -0.087298334620741658,
          0.39999999999999991, -4.8572257327350599e-17,
          -1.231653667943533e-16],
         [4.163336342344337e-17, -9.7144514654701197e-17,
          8.3266726846886741e-17, 0.99999999999999978,
          1.3877787807814457e-17, 0.0],
         [4.163336342344337e-17, -0.08729833462074163, 0.68729833462074186,
          0.3999999999999998, 5.5511151231257827e-17, -6.9388939039072284e-17]], dtype=object), 'FE0_f1': array([[0.68729833462074175, 9.3675067702747583e-17, -0.087298334620741658,
          -2.7755575615628914e-17, 0.39999999999999974,
          -1.231653667943533e-16],
         [8.3266726846886741e-17, 8.3266726846886741e-17,
          8.3266726846886741e-17, 0.0, 0.99999999999999978, 0.0],
         [-0.087298334620741616, 9.7144514654701197e-17, 0.68729833462074186,
          0.0, 0.39999999999999974, -6.9388939039072284e-17]], dtype=object), 'FE0_f2': array([[0.68729833462074175, -0.08729833462074163, 0.0, 0.0,
          -2.7755575615628914e-17, 0.39999999999999991],
         [4.163336342344337e-17, 1.3877787807814457e-17, 0.0, 0.0,
          -5.5511151231257827e-17, 1.0],
         [-0.087298334620741685, 0.68729833462074175, 0.0, 0.0,
          -5.5511151231257827e-17, 0.39999999999999991]], dtype=object)}
  
  name_map: {}
  
  inv_name_map: {'FE0_f0': 'FE0_f0', 'FE0_f1': 'FE0_f1', 'FE0_f2': 'FE0_f2'}
  
  QG-utils, psi_tables, unique_tables:
  {'FE0_f0': array([[0.68729833462074186, -0.087298334620741658, 0.39999999999999991],
         [0, 0, 0.99999999999999978],
         [-0.08729833462074163, 0.68729833462074186, 0.3999999999999998]], dtype=object)}
  
  QG-utils, psi_tables, name_map:
  {'FE0_f0': ('FE0_f0', (0, [1, 2, 3]), False, False), 'FE0_f1': ('FE0_f0', (1, [0, 2, 4]), False, False), 'FE0_f2': ('FE0_f0', (2, [0, 1, 5]), False, False)}
  Transforming exterior facet integral 0
  Reusing element from cache
  Reusing element from cache
  Transforming exterior facet integral 1
  Reusing element from cache
  Reusing element from cache
  Transforming exterior facet integral 2
  Reusing element from cache
  Reusing element from cache
  Computing representation of forms
  
Compiler stage 2 finished in 0.018208 seconds.

Compiler stage 3: Optimizing intermediate representation
--------------------------------------------------------
  FErari not installed, skipping tensor optimizations
  Optimising expressions for cell integral
  Optimising expressions for facet integral 0
  Optimising expressions for facet integral 1
  Optimising expressions for facet integral 2
  
Compiler stage 3 finished in 0.000617027 seconds.

Compiler stage 4: Generating code
---------------------------------
  Generating code for 1 element(s)
  Removing unused variable: tmp7
  Removing unused variable: tmp6
  Removing unused variable: tmp5
  Removing unused variable: tt
  Removing unused variable: ss
  Removing unused variable: rr
  Removing unused variable: tmp7
  Removing unused variable: tmp6
  Removing unused variable: tmp5
  Removing unused variable: tt
  Removing unused variable: ss
  Removing unused variable: rr
  Removing unused variable: tmp7
  Removing unused variable: tmp6
  Removing unused variable: tmp5
  Removing unused variable: tt
  Removing unused variable: ss
  Removing unused variable: rr
  Removing unused variable: tmp7
  Removing unused variable: tmp6
  Removing unused variable: tmp5
  Removing unused variable: tt
  Removing unused variable: ss
  Removing unused variable: rr
  Removing unused variable: tmp7
  Removing unused variable: tmp6
  Removing unused variable: tmp5
  Removing unused variable: tt
  Removing unused variable: ss
  Removing unused variable: rr
  Removing unused variable: tmp7
  Removing unused variable: tmp6
  Removing unused variable: tmp5
  Removing unused variable: tt
  Removing unused variable: ss
  Removing unused variable: rr
  Removing unused variable: tmp7
  Removing unused variable: tmp6
  Removing unused variable: tmp5
  Removing unused variable: tt
  Removing unused variable: ss
  Removing unused variable: rr
  Removing unused variable: tmp7
  Removing unused variable: tmp6
  Removing unused variable: tmp5
  Removing unused variable: tt
  Removing unused variable: ss
  Removing unused variable: rr
  Removing unused variable: tmp7
  Removing unused variable: tmp6
  Removing unused variable: tmp5
  Removing unused variable: tt
  Removing unused variable: ss
  Removing unused variable: rr
  Removing unused variable: tmp7
  Removing unused variable: tmp6
  Removing unused variable: tmp5
  Removing unused variable: tt
  Removing unused variable: ss
  Removing unused variable: rr
  Removing unused variable: tmp7
  Removing unused variable: tmp6
  Removing unused variable: tmp5
  Removing unused variable: tt
  Removing unused variable: ss
  Removing unused variable: rr
  Removing unused variable: tmp7
  Removing unused variable: tmp6
  Removing unused variable: tmp5
  Removing unused variable: tt
  Removing unused variable: ss
  Removing unused variable: rr
  Generating code for 1 dofmap(s)
  Generating code for integrals
  Removing unused variable: circumradius
  Removing unused variable: v0v1
  Removing unused variable: v0v2
  Removing unused variable: v1v2
  Removing unused variable: volume
  Cell, number of operations to compute tensor: 397
  Removing unused variable: circumradius
  Removing unused variable: v0v1
  Removing unused variable: v0v2
  Removing unused variable: v1v2
  Removing unused variable: volume
  Removing unused variable: facet_area
  Removing unused variable: n1
  Removing unused variable: n0
  Removing unused variable: direction
  Exterior facet 0, number of operations to compute tensor: 60
  Exterior facet 1, number of operations to compute tensor: 60
  Exterior facet 2, number of operations to compute tensor: 60
  Generating code for forms
  
Compiler stage 4 finished in 0.0673029 seconds.

Compiler stage 4.1: Generating additional wrapper code
------------------------------------------------------
  Generating wrapper code for DOLFIN
  
Compiler stage 4.1 finished in 0.000351906 seconds.

Compiler stage 5: Formatting code
---------------------------------
  Output written to ./SpatialCoordinates.h.
  
Compiler stage 5 finished in 0.000513792 seconds.

[1;37;32mFFC finished in 0.102986 seconds.[0m
