This is FFC, the FEniCS Form Compiler, version 1.6.0.
For further information, visit http://www.fenics.org/ffc/.

Compiling form EnergyNorm

Compiler stage 1: Analyzing form(s)
-----------------------------------
  
  Geometric dimension:       2
  Number of cell subdomains: 0
  Rank:                      0
  Arguments:                 '()'
  Number of coefficients:    1
  Coefficients:              '[w_0]'
  Unique elements:           'CG2(?)'
  Unique sub elements:       'CG2(?)'
  
  Extracting monomial form representation from UFL form
  Transforming monomial form to reference element
  Reusing element from cache
  Reusing element from cache
  Reusing element from cache
  Estimated cost of tensor representation: 4
  representation:    auto --> quadrature
  Selecting quadrature degree based on total polynomial degree of integrand: 4
  quadrature_degree: auto --> 4
  quadrature_rule:   auto --> default
  
Compiler stage 1 finished in 0.064379 seconds.

Compiler stage 2: Computing intermediate representation
-------------------------------------------------------
  Computing representation of 1 elements
  Reusing element from cache
  Reusing element from cache
  Computing representation of 1 dofmaps
  Reusing element from cache
  Computing representation of integrals
  Computing quadrature representation
  Reusing element from cache
  Reusing element from cache
  Reusing element from cache
  
  QG-utils, psi_tables:
  {6: {VectorElement('Lagrange', Domain(Cell('triangle', 2), label=None, data=None), 1, dim=2, quad_scheme=None): {None: {None: {(0, 1): array([[[ -1.00000000e+00,  -1.00000000e+00,  -1.00000000e+00,
            -1.00000000e+00,  -1.00000000e+00,  -1.00000000e+00],
          [  0.00000000e+00,   0.00000000e+00,   0.00000000e+00,
             0.00000000e+00,   0.00000000e+00,   0.00000000e+00]],
  
         [[  8.88178420e-16,   8.88178420e-16,   8.88178420e-16,
             8.88178420e-16,   8.88178420e-16,   8.88178420e-16],
          [  0.00000000e+00,   0.00000000e+00,   0.00000000e+00,
             0.00000000e+00,   0.00000000e+00,   0.00000000e+00]],
  
         [[  1.00000000e+00,   1.00000000e+00,   1.00000000e+00,
             1.00000000e+00,   1.00000000e+00,   1.00000000e+00],
          [  0.00000000e+00,   0.00000000e+00,   0.00000000e+00,
             0.00000000e+00,   0.00000000e+00,   0.00000000e+00]],
  
         [[  0.00000000e+00,   0.00000000e+00,   0.00000000e+00,
             0.00000000e+00,   0.00000000e+00,   0.00000000e+00],
          [ -1.00000000e+00,  -1.00000000e+00,  -1.00000000e+00,
            -1.00000000e+00,  -1.00000000e+00,  -1.00000000e+00]],
  
         [[  0.00000000e+00,   0.00000000e+00,   0.00000000e+00,
             0.00000000e+00,   0.00000000e+00,   0.00000000e+00],
          [  8.88178420e-16,   8.88178420e-16,   8.88178420e-16,
             8.88178420e-16,   8.88178420e-16,   8.88178420e-16]],
  
         [[  0.00000000e+00,   0.00000000e+00,   0.00000000e+00,
             0.00000000e+00,   0.00000000e+00,   0.00000000e+00],
          [  1.00000000e+00,   1.00000000e+00,   1.00000000e+00,
             1.00000000e+00,   1.00000000e+00,   1.00000000e+00]]]), (1, 0): array([[[-1., -1., -1., -1., -1., -1.],
          [ 0.,  0.,  0.,  0.,  0.,  0.]],
  
         [[ 1.,  1.,  1.,  1.,  1.,  1.],
          [ 0.,  0.,  0.,  0.,  0.,  0.]],
  
         [[ 0.,  0.,  0.,  0.,  0.,  0.],
          [ 0.,  0.,  0.,  0.,  0.,  0.]],
  
         [[ 0.,  0.,  0.,  0.,  0.,  0.],
          [-1., -1., -1., -1., -1., -1.]],
  
         [[ 0.,  0.,  0.,  0.,  0.,  0.],
          [ 1.,  1.,  1.,  1.,  1.,  1.]],
  
         [[ 0.,  0.,  0.,  0.,  0.,  0.],
          [ 0.,  0.,  0.,  0.,  0.,  0.]]]), (0, 0): array([[[ 0.09157621,  0.09157621,  0.81684757,  0.44594849,  0.44594849,
            0.10810302],
          [ 0.        ,  0.        ,  0.        ,  0.        ,  0.        ,
            0.        ]],
  
         [[ 0.81684757,  0.09157621,  0.09157621,  0.10810302,  0.44594849,
            0.44594849],
          [ 0.        ,  0.        ,  0.        ,  0.        ,  0.        ,
            0.        ]],
  
         [[ 0.09157621,  0.81684757,  0.09157621,  0.44594849,  0.10810302,
            0.44594849],
          [ 0.        ,  0.        ,  0.        ,  0.        ,  0.        ,
            0.        ]],
  
         [[ 0.        ,  0.        ,  0.        ,  0.        ,  0.        ,
            0.        ],
          [ 0.09157621,  0.09157621,  0.81684757,  0.44594849,  0.44594849,
            0.10810302]],
  
         [[ 0.        ,  0.        ,  0.        ,  0.        ,  0.        ,
            0.        ],
          [ 0.81684757,  0.09157621,  0.09157621,  0.10810302,  0.44594849,
            0.44594849]],
  
         [[ 0.        ,  0.        ,  0.        ,  0.        ,  0.        ,
            0.        ],
          [ 0.09157621,  0.81684757,  0.09157621,  0.44594849,  0.10810302,
            0.44594849]]])}}}, FiniteElement('Lagrange', Domain(Cell('triangle', 2), label=None, data=None), 2, quad_scheme=None): {None: {None: {(0, 1): array([[  6.33695146e-01,   6.33695146e-01,  -2.26739029e+00,
           -7.83793964e-01,  -7.83793964e-01,   5.67587927e-01],
         [  8.77076189e-15,   8.32667268e-15,   5.88418203e-15,
            6.94583280e-15,   7.04991621e-15,   8.22952817e-15],
         [ -6.33695146e-01,   2.26739029e+00,  -6.33695146e-01,
            7.83793964e-01,  -5.67587927e-01,   7.83793964e-01],
         [  3.26739029e+00,   3.66304854e-01,   3.66304854e-01,
            4.32412073e-01,   1.78379396e+00,   1.78379396e+00],
         [  8.43769499e-15,  -2.90108544e+00,   2.90108544e+00,
            8.18789481e-15,   1.35138189e+00,  -1.35138189e+00],
         [ -3.26739029e+00,  -3.66304854e-01,  -3.66304854e-01,
           -4.32412073e-01,  -1.78379396e+00,  -1.78379396e+00]]), (1, 0): array([[  6.33695146e-01,   6.33695146e-01,  -2.26739029e+00,
           -7.83793964e-01,  -7.83793964e-01,   5.67587927e-01],
         [  2.26739029e+00,  -6.33695146e-01,  -6.33695146e-01,
           -5.67587927e-01,   7.83793964e-01,   7.83793964e-01],
         [  0.00000000e+00,   0.00000000e+00,   0.00000000e+00,
            0.00000000e+00,   0.00000000e+00,   0.00000000e+00],
         [  3.66304854e-01,   3.26739029e+00,   3.66304854e-01,
            1.78379396e+00,   4.32412073e-01,   1.78379396e+00],
         [ -3.66304854e-01,  -3.26739029e+00,  -3.66304854e-01,
           -1.78379396e+00,  -4.32412073e-01,  -1.78379396e+00],
         [ -2.90108544e+00,  -2.42787315e-15,   2.90108544e+00,
            1.35138189e+00,   2.02557929e-16,  -1.35138189e+00]]), (0, 0): array([[-0.07480381, -0.07480381,  0.51763234, -0.04820838, -0.04820838,
          -0.08473049],
         [ 0.51763234, -0.07480381, -0.07480381, -0.08473049, -0.04820838,
          -0.04820838],
         [-0.07480381,  0.51763234, -0.07480381, -0.04820838, -0.08473049,
          -0.04820838],
         [ 0.29921523,  0.29921523,  0.03354481,  0.19283351,  0.19283351,
           0.79548023],
         [ 0.03354481,  0.29921523,  0.29921523,  0.79548023,  0.19283351,
           0.19283351],
         [ 0.29921523,  0.03354481,  0.29921523,  0.19283351,  0.79548023,
           0.19283351]])}}}}}
  
  QG-utils, psi_tables, flat_tables:
  {'FE0_D10': array([[  6.33695146e-01,   2.26739029e+00,   0.00000000e+00,
            3.66304854e-01,  -3.66304854e-01,  -2.90108544e+00],
         [  6.33695146e-01,  -6.33695146e-01,   0.00000000e+00,
            3.26739029e+00,  -3.26739029e+00,  -2.42787315e-15],
         [ -2.26739029e+00,  -6.33695146e-01,   0.00000000e+00,
            3.66304854e-01,  -3.66304854e-01,   2.90108544e+00],
         [ -7.83793964e-01,  -5.67587927e-01,   0.00000000e+00,
            1.78379396e+00,  -1.78379396e+00,   1.35138189e+00],
         [ -7.83793964e-01,   7.83793964e-01,   0.00000000e+00,
            4.32412073e-01,  -4.32412073e-01,   2.02557929e-16],
         [  5.67587927e-01,   7.83793964e-01,   0.00000000e+00,
            1.78379396e+00,  -1.78379396e+00,  -1.35138189e+00]]), 'FE0_D01': array([[  6.33695146e-01,   8.77076189e-15,  -6.33695146e-01,
            3.26739029e+00,   8.43769499e-15,  -3.26739029e+00],
         [  6.33695146e-01,   8.32667268e-15,   2.26739029e+00,
            3.66304854e-01,  -2.90108544e+00,  -3.66304854e-01],
         [ -2.26739029e+00,   5.88418203e-15,  -6.33695146e-01,
            3.66304854e-01,   2.90108544e+00,  -3.66304854e-01],
         [ -7.83793964e-01,   6.94583280e-15,   7.83793964e-01,
            4.32412073e-01,   8.18789481e-15,  -4.32412073e-01],
         [ -7.83793964e-01,   7.04991621e-15,  -5.67587927e-01,
            1.78379396e+00,   1.35138189e+00,  -1.78379396e+00],
         [  5.67587927e-01,   8.22952817e-15,   7.83793964e-01,
            1.78379396e+00,  -1.35138189e+00,  -1.78379396e+00]]), 'FE1_C0': array([[ 0.09157621,  0.81684757,  0.09157621,  0.        ,  0.        ,
           0.        ],
         [ 0.09157621,  0.09157621,  0.81684757,  0.        ,  0.        ,
           0.        ],
         [ 0.81684757,  0.09157621,  0.09157621,  0.        ,  0.        ,
           0.        ],
         [ 0.44594849,  0.10810302,  0.44594849,  0.        ,  0.        ,
           0.        ],
         [ 0.44594849,  0.44594849,  0.10810302,  0.        ,  0.        ,
           0.        ],
         [ 0.10810302,  0.44594849,  0.44594849,  0.        ,  0.        ,
           0.        ]]), 'FE1_C1': array([[ 0.        ,  0.        ,  0.        ,  0.09157621,  0.81684757,
           0.09157621],
         [ 0.        ,  0.        ,  0.        ,  0.09157621,  0.09157621,
           0.81684757],
         [ 0.        ,  0.        ,  0.        ,  0.81684757,  0.09157621,
           0.09157621],
         [ 0.        ,  0.        ,  0.        ,  0.44594849,  0.10810302,
           0.44594849],
         [ 0.        ,  0.        ,  0.        ,  0.44594849,  0.44594849,
           0.10810302],
         [ 0.        ,  0.        ,  0.        ,  0.10810302,  0.44594849,
           0.44594849]]), 'FE1_C1_D10': array([[ 0.,  0.,  0., -1.,  1.,  0.],
         [ 0.,  0.,  0., -1.,  1.,  0.],
         [ 0.,  0.,  0., -1.,  1.,  0.],
         [ 0.,  0.,  0., -1.,  1.,  0.],
         [ 0.,  0.,  0., -1.,  1.,  0.],
         [ 0.,  0.,  0., -1.,  1.,  0.]]), 'FE0': array([[-0.07480381,  0.51763234, -0.07480381,  0.29921523,  0.03354481,
           0.29921523],
         [-0.07480381, -0.07480381,  0.51763234,  0.29921523,  0.29921523,
           0.03354481],
         [ 0.51763234, -0.07480381, -0.07480381,  0.03354481,  0.29921523,
           0.29921523],
         [-0.04820838, -0.08473049, -0.04820838,  0.19283351,  0.79548023,
           0.19283351],
         [-0.04820838, -0.04820838, -0.08473049,  0.19283351,  0.19283351,
           0.79548023],
         [-0.08473049, -0.04820838, -0.04820838,  0.79548023,  0.19283351,
           0.19283351]]), 'FE1_C1_D01': array([[  0.00000000e+00,   0.00000000e+00,   0.00000000e+00,
           -1.00000000e+00,   8.88178420e-16,   1.00000000e+00],
         [  0.00000000e+00,   0.00000000e+00,   0.00000000e+00,
           -1.00000000e+00,   8.88178420e-16,   1.00000000e+00],
         [  0.00000000e+00,   0.00000000e+00,   0.00000000e+00,
           -1.00000000e+00,   8.88178420e-16,   1.00000000e+00],
         [  0.00000000e+00,   0.00000000e+00,   0.00000000e+00,
           -1.00000000e+00,   8.88178420e-16,   1.00000000e+00],
         [  0.00000000e+00,   0.00000000e+00,   0.00000000e+00,
           -1.00000000e+00,   8.88178420e-16,   1.00000000e+00],
         [  0.00000000e+00,   0.00000000e+00,   0.00000000e+00,
           -1.00000000e+00,   8.88178420e-16,   1.00000000e+00]]), 'FE1_C0_D01': array([[ -1.00000000e+00,   8.88178420e-16,   1.00000000e+00,
            0.00000000e+00,   0.00000000e+00,   0.00000000e+00],
         [ -1.00000000e+00,   8.88178420e-16,   1.00000000e+00,
            0.00000000e+00,   0.00000000e+00,   0.00000000e+00],
         [ -1.00000000e+00,   8.88178420e-16,   1.00000000e+00,
            0.00000000e+00,   0.00000000e+00,   0.00000000e+00],
         [ -1.00000000e+00,   8.88178420e-16,   1.00000000e+00,
            0.00000000e+00,   0.00000000e+00,   0.00000000e+00],
         [ -1.00000000e+00,   8.88178420e-16,   1.00000000e+00,
            0.00000000e+00,   0.00000000e+00,   0.00000000e+00],
         [ -1.00000000e+00,   8.88178420e-16,   1.00000000e+00,
            0.00000000e+00,   0.00000000e+00,   0.00000000e+00]]), 'FE1_C0_D10': array([[-1.,  1.,  0.,  0.,  0.,  0.],
         [-1.,  1.,  0.,  0.,  0.,  0.],
         [-1.,  1.,  0.,  0.,  0.,  0.],
         [-1.,  1.,  0.,  0.,  0.,  0.],
         [-1.,  1.,  0.,  0.,  0.,  0.],
         [-1.,  1.,  0.,  0.,  0.,  0.]])}
  
  tables: {'FE0_D10': array([[  6.33695146e-01,   2.26739029e+00,   0.00000000e+00,
            3.66304854e-01,  -3.66304854e-01,  -2.90108544e+00],
         [  6.33695146e-01,  -6.33695146e-01,   0.00000000e+00,
            3.26739029e+00,  -3.26739029e+00,  -2.42787315e-15],
         [ -2.26739029e+00,  -6.33695146e-01,   0.00000000e+00,
            3.66304854e-01,  -3.66304854e-01,   2.90108544e+00],
         [ -7.83793964e-01,  -5.67587927e-01,   0.00000000e+00,
            1.78379396e+00,  -1.78379396e+00,   1.35138189e+00],
         [ -7.83793964e-01,   7.83793964e-01,   0.00000000e+00,
            4.32412073e-01,  -4.32412073e-01,   2.02557929e-16],
         [  5.67587927e-01,   7.83793964e-01,   0.00000000e+00,
            1.78379396e+00,  -1.78379396e+00,  -1.35138189e+00]]), 'FE0_D01': array([[  6.33695146e-01,   8.77076189e-15,  -6.33695146e-01,
            3.26739029e+00,   8.43769499e-15,  -3.26739029e+00],
         [  6.33695146e-01,   8.32667268e-15,   2.26739029e+00,
            3.66304854e-01,  -2.90108544e+00,  -3.66304854e-01],
         [ -2.26739029e+00,   5.88418203e-15,  -6.33695146e-01,
            3.66304854e-01,   2.90108544e+00,  -3.66304854e-01],
         [ -7.83793964e-01,   6.94583280e-15,   7.83793964e-01,
            4.32412073e-01,   8.18789481e-15,  -4.32412073e-01],
         [ -7.83793964e-01,   7.04991621e-15,  -5.67587927e-01,
            1.78379396e+00,   1.35138189e+00,  -1.78379396e+00],
         [  5.67587927e-01,   8.22952817e-15,   7.83793964e-01,
            1.78379396e+00,  -1.35138189e+00,  -1.78379396e+00]]), 'FE1_C0': array([[ 0.09157621,  0.81684757,  0.09157621,  0.        ,  0.        ,
           0.        ],
         [ 0.09157621,  0.09157621,  0.81684757,  0.        ,  0.        ,
           0.        ],
         [ 0.81684757,  0.09157621,  0.09157621,  0.        ,  0.        ,
           0.        ],
         [ 0.44594849,  0.10810302,  0.44594849,  0.        ,  0.        ,
           0.        ],
         [ 0.44594849,  0.44594849,  0.10810302,  0.        ,  0.        ,
           0.        ],
         [ 0.10810302,  0.44594849,  0.44594849,  0.        ,  0.        ,
           0.        ]]), 'FE1_C1': array([[ 0.        ,  0.        ,  0.        ,  0.09157621,  0.81684757,
           0.09157621],
         [ 0.        ,  0.        ,  0.        ,  0.09157621,  0.09157621,
           0.81684757],
         [ 0.        ,  0.        ,  0.        ,  0.81684757,  0.09157621,
           0.09157621],
         [ 0.        ,  0.        ,  0.        ,  0.44594849,  0.10810302,
           0.44594849],
         [ 0.        ,  0.        ,  0.        ,  0.44594849,  0.44594849,
           0.10810302],
         [ 0.        ,  0.        ,  0.        ,  0.10810302,  0.44594849,
           0.44594849]]), 'FE1_C1_D10': array([[ 0.,  0.,  0., -1.,  1.,  0.],
         [ 0.,  0.,  0., -1.,  1.,  0.],
         [ 0.,  0.,  0., -1.,  1.,  0.],
         [ 0.,  0.,  0., -1.,  1.,  0.],
         [ 0.,  0.,  0., -1.,  1.,  0.],
         [ 0.,  0.,  0., -1.,  1.,  0.]]), 'FE0': array([[-0.07480381,  0.51763234, -0.07480381,  0.29921523,  0.03354481,
           0.29921523],
         [-0.07480381, -0.07480381,  0.51763234,  0.29921523,  0.29921523,
           0.03354481],
         [ 0.51763234, -0.07480381, -0.07480381,  0.03354481,  0.29921523,
           0.29921523],
         [-0.04820838, -0.08473049, -0.04820838,  0.19283351,  0.79548023,
           0.19283351],
         [-0.04820838, -0.04820838, -0.08473049,  0.19283351,  0.19283351,
           0.79548023],
         [-0.08473049, -0.04820838, -0.04820838,  0.79548023,  0.19283351,
           0.19283351]]), 'FE1_C1_D01': array([[  0.00000000e+00,   0.00000000e+00,   0.00000000e+00,
           -1.00000000e+00,   8.88178420e-16,   1.00000000e+00],
         [  0.00000000e+00,   0.00000000e+00,   0.00000000e+00,
           -1.00000000e+00,   8.88178420e-16,   1.00000000e+00],
         [  0.00000000e+00,   0.00000000e+00,   0.00000000e+00,
           -1.00000000e+00,   8.88178420e-16,   1.00000000e+00],
         [  0.00000000e+00,   0.00000000e+00,   0.00000000e+00,
           -1.00000000e+00,   8.88178420e-16,   1.00000000e+00],
         [  0.00000000e+00,   0.00000000e+00,   0.00000000e+00,
           -1.00000000e+00,   8.88178420e-16,   1.00000000e+00],
         [  0.00000000e+00,   0.00000000e+00,   0.00000000e+00,
           -1.00000000e+00,   8.88178420e-16,   1.00000000e+00]]), 'FE1_C0_D01': array([[ -1.00000000e+00,   8.88178420e-16,   1.00000000e+00,
            0.00000000e+00,   0.00000000e+00,   0.00000000e+00],
         [ -1.00000000e+00,   8.88178420e-16,   1.00000000e+00,
            0.00000000e+00,   0.00000000e+00,   0.00000000e+00],
         [ -1.00000000e+00,   8.88178420e-16,   1.00000000e+00,
            0.00000000e+00,   0.00000000e+00,   0.00000000e+00],
         [ -1.00000000e+00,   8.88178420e-16,   1.00000000e+00,
            0.00000000e+00,   0.00000000e+00,   0.00000000e+00],
         [ -1.00000000e+00,   8.88178420e-16,   1.00000000e+00,
            0.00000000e+00,   0.00000000e+00,   0.00000000e+00],
         [ -1.00000000e+00,   8.88178420e-16,   1.00000000e+00,
            0.00000000e+00,   0.00000000e+00,   0.00000000e+00]]), 'FE1_C0_D10': array([[-1.,  1.,  0.,  0.,  0.,  0.],
         [-1.,  1.,  0.,  0.,  0.,  0.],
         [-1.,  1.,  0.,  0.,  0.,  0.],
         [-1.,  1.,  0.,  0.,  0.,  0.],
         [-1.,  1.,  0.,  0.,  0.,  0.],
         [-1.,  1.,  0.,  0.,  0.,  0.]])}
  
  name_map: {}
  
  inv_name_map: {'FE0_D10': 'FE0_D10', 'FE0_D01': 'FE0_D01', 'FE1_C0': 'FE1_C0', 'FE1_C1': 'FE1_C1', 'FE1_C1_D10': 'FE1_C1_D10', 'FE0': 'FE0', 'FE1_C1_D01': 'FE1_C1_D01', 'FE1_C0_D01': 'FE1_C0_D01', 'FE1_C0_D10': 'FE1_C0_D10'}
  
  QG-utils, psi_tables, unique_tables:
  {'FE0_D10': array([[ 0.63369515,  2.26739029,  0.36630485, -0.36630485, -2.90108544],
         [ 0.63369515, -0.63369515,  3.26739029, -3.26739029,  0.        ],
         [-2.26739029, -0.63369515,  0.36630485, -0.36630485,  2.90108544],
         [-0.78379396, -0.56758793,  1.78379396, -1.78379396,  1.35138189],
         [-0.78379396,  0.78379396,  0.43241207, -0.43241207,  0.        ],
         [ 0.56758793,  0.78379396,  1.78379396, -1.78379396, -1.35138189]]), 'FE0_D01': array([[ 0.63369515, -0.63369515,  3.26739029,  0.        , -3.26739029],
         [ 0.63369515,  2.26739029,  0.36630485, -2.90108544, -0.36630485],
         [-2.26739029, -0.63369515,  0.36630485,  2.90108544, -0.36630485],
         [-0.78379396,  0.78379396,  0.43241207,  0.        , -0.43241207],
         [-0.78379396, -0.56758793,  1.78379396,  1.35138189, -1.78379396],
         [ 0.56758793,  0.78379396,  1.78379396, -1.35138189, -1.78379396]]), 'FE1_C0': array([[ 0.09157621,  0.81684757,  0.09157621],
         [ 0.09157621,  0.09157621,  0.81684757],
         [ 0.81684757,  0.09157621,  0.09157621],
         [ 0.44594849,  0.10810302,  0.44594849],
         [ 0.44594849,  0.44594849,  0.10810302],
         [ 0.10810302,  0.44594849,  0.44594849]]), 'FE0': array([[-0.07480381,  0.51763234, -0.07480381,  0.29921523,  0.03354481,
           0.29921523],
         [-0.07480381, -0.07480381,  0.51763234,  0.29921523,  0.29921523,
           0.03354481],
         [ 0.51763234, -0.07480381, -0.07480381,  0.03354481,  0.29921523,
           0.29921523],
         [-0.04820838, -0.08473049, -0.04820838,  0.19283351,  0.79548023,
           0.19283351],
         [-0.04820838, -0.04820838, -0.08473049,  0.19283351,  0.19283351,
           0.79548023],
         [-0.08473049, -0.04820838, -0.04820838,  0.79548023,  0.19283351,
           0.19283351]]), 'FE1_C0_D01': array([[-1.,  1.],
         [-1.,  1.],
         [-1.,  1.],
         [-1.,  1.],
         [-1.,  1.],
         [-1.,  1.]])}
  
  QG-utils, psi_tables, name_map:
  {'FE0_D10': ('FE0_D10', (1, [0, 1, 3, 4, 5]), False, False), 'FE0_D01': ('FE0_D01', (0, [0, 2, 3, 4, 5]), False, False), 'FE1_C0': ('FE1_C0', (2, [0, 1, 2]), False, False), 'FE1_C1': ('FE1_C0', (5, [3, 4, 5]), False, False), 'FE1_C1_D10': ('FE1_C0_D01', (7, [3, 4]), False, False), 'FE0': ('FE0', (), False, False), 'FE1_C1_D01': ('FE1_C0_D01', (6, [3, 5]), False, False), 'FE1_C0_D01': ('FE1_C0_D01', (3, [0, 2]), False, False), 'FE1_C0_D10': ('FE1_C0_D01', (4, [0, 1]), False, False)}
  Transforming cell integral
  Reusing element from cache
  Reusing element from cache
  Reusing element from cache
  Reusing element from cache
  Reusing element from cache
  Reusing element from cache
  Reusing element from cache
  Reusing element from cache
  Reusing element from cache
  Reusing element from cache
  Reusing element from cache
  Reusing element from cache
  Reusing element from cache
  Reusing element from cache
  Computing representation of forms
  
Compiler stage 2 finished in 0.0522192 seconds.

Compiler stage 3: Optimizing intermediate representation
--------------------------------------------------------
  Optimising expressions for cell integral
  
Compiler stage 3 finished in 0.00124002 seconds.

Compiler stage 4: Generating code
---------------------------------
  Generating code for 1 element(s)
  Removing unused variable: tmp7
  Removing unused variable: tmp6
  Removing unused variable: tmp5
  Removing unused variable: tt
  Removing unused variable: ss
  Removing unused variable: rr
  Removing unused variable: tmp7
  Removing unused variable: tmp6
  Removing unused variable: tmp5
  Removing unused variable: tt
  Removing unused variable: ss
  Removing unused variable: rr
  Removing unused variable: tmp7
  Removing unused variable: tmp6
  Removing unused variable: tmp5
  Removing unused variable: tt
  Removing unused variable: ss
  Removing unused variable: rr
  Removing unused variable: tmp7
  Removing unused variable: tmp6
  Removing unused variable: tmp5
  Removing unused variable: tt
  Removing unused variable: ss
  Removing unused variable: rr
  Removing unused variable: tmp7
  Removing unused variable: tmp6
  Removing unused variable: tmp5
  Removing unused variable: tt
  Removing unused variable: ss
  Removing unused variable: rr
  Removing unused variable: tmp7
  Removing unused variable: tmp6
  Removing unused variable: tmp5
  Removing unused variable: tt
  Removing unused variable: ss
  Removing unused variable: rr
  Removing unused variable: tmp7
  Removing unused variable: tmp6
  Removing unused variable: tmp5
  Removing unused variable: tt
  Removing unused variable: ss
  Removing unused variable: rr
  Removing unused variable: tmp7
  Removing unused variable: tmp6
  Removing unused variable: tmp5
  Removing unused variable: tt
  Removing unused variable: ss
  Removing unused variable: rr
  Removing unused variable: tmp7
  Removing unused variable: tmp6
  Removing unused variable: tmp5
  Removing unused variable: tt
  Removing unused variable: ss
  Removing unused variable: rr
  Removing unused variable: tmp7
  Removing unused variable: tmp6
  Removing unused variable: tmp5
  Removing unused variable: tt
  Removing unused variable: ss
  Removing unused variable: rr
  Removing unused variable: tmp7
  Removing unused variable: tmp6
  Removing unused variable: tmp5
  Removing unused variable: tt
  Removing unused variable: ss
  Removing unused variable: rr
  Removing unused variable: tmp7
  Removing unused variable: tmp6
  Removing unused variable: tmp5
  Removing unused variable: tt
  Removing unused variable: ss
  Removing unused variable: rr
  Generating code for 1 dofmap(s)
  Generating code for integrals
  Removing unused variable: circumradius
  Removing unused variable: v0v1
  Removing unused variable: v0v2
  Removing unused variable: v1v2
  Removing unused variable: volume
  Generating code for forms
  
Compiler stage 4 finished in 0.0707121 seconds.

Compiler stage 4.1: Generating additional wrapper code
------------------------------------------------------
  Generating wrapper code for DOLFIN
  
Compiler stage 4.1 finished in 0.000365019 seconds.

Compiler stage 5: Formatting code
---------------------------------
  
Output written to ./EnergyNorm.h.
Compiler stage 5 finished in 0.000524998 seconds.

[1;37;32mFFC finished in 0.18973 seconds.[0m
