This is FFC, the FEniCS Form Compiler, version 1.4.0.
For further information, visit http://www.fenics.org/ffc/.

Compiling form NonlinearPoisson

Compiler stage 1: Analyzing form(s)
-----------------------------------
  
  Name:                   'F'
  Geometric dimension:    2
  Rank:                   1
  Arguments:              '[v_0]'
  Argument names:         '[v]'
  Number of coefficients: 2
  Coefficients:           '[w_0, w_1]'
  Coefficient names:      '[f, u]'
  Unique elements:        'CG1(?)'
  Unique sub elements:    'CG1(?)'
  
  Extracting monomial form representation from UFL form
  Transforming monomial form to reference element
  Reusing element from cache
  Reusing element from cache
  Reusing element from cache
  Reusing element from cache
  Reusing element from cache
  Reusing element from cache
  Reusing element from cache
  Estimated cost of tensor representation: 5
  representation:    auto --> quadrature
  Selecting quadrature degree based on total polynomial degree of integrand: 2
  quadrature_degree: auto --> 2
  quadrature_rule:   auto --> default
  
  Name:                   'J'
  Geometric dimension:    2
  Rank:                   2
  Arguments:              '[v_0, v_1]'
  Argument names:         '[v, du]'
  Number of coefficients: 1
  Coefficients:           '[w_1]'
  Coefficient names:      '[u]'
  Unique elements:        'CG1(?)'
  Unique sub elements:    'CG1(?)'
  
  Extracting monomial form representation from UFL form
  Transforming monomial form to reference element
  Reusing element from cache
  Reusing element from cache
  Reusing element from cache
  Reusing element from cache
  Reusing element from cache
  Reusing element from cache
  Reusing element from cache
  Reusing element from cache
  Reusing element from cache
  Reusing element from cache
  Estimated cost of tensor representation: 4
  representation:    auto --> quadrature
  Selecting quadrature degree based on total polynomial degree of integrand: 2
  quadrature_degree: auto --> 2
  quadrature_rule:   auto --> default
  
Compiler stage 1 finished in 0.038409 seconds.

Compiler stage 2: Computing intermediate representation
-------------------------------------------------------
  Computing representation of 1 elements
  Reusing element from cache
  Reusing element from cache
  Computing representation of 1 dofmaps
  Reusing element from cache
  Computing representation of integrals
  Computing quadrature representation
  Reusing element from cache
  Reusing element from cache
  Reusing element from cache
  Reusing element from cache
  Reusing element from cache
  
  QG-utils, psi_tables:
  {3: {FiniteElement('Lagrange', Domain(Cell('triangle', 2), label=None, data=None), 1, quad_scheme=None): {None: {None: {(0, 1): array([[-1.0, -0.99999999999999989, -0.99999999999999989],
         [0.0, 1.1102230246251565e-16, 1.1102230246251565e-16],
         [1.0, 0.99999999999999978, 0.99999999999999978]], dtype=object), (1, 0): array([[-1.0, -1.0, -1.0],
         [1.0, 1.0, 1.0],
         [0.0, 0.0, 0.0]], dtype=object), (0, 0): array([[0.66666666666666685, 0.16666666666666674, 0.16666666666666669],
         [0.16666666666666663, 0.16666666666666663, 0.66666666666666652],
         [0.16666666666666666, 0.66666666666666652, 0.16666666666666663]], dtype=object)}}}, VectorElement('Lagrange', Domain(Cell('triangle', 2), label=None, data=None), 1, dim=2, quad_scheme=None): {None: {None: {(0, 1): array([[[ -1.00000000e+00,  -1.00000000e+00,  -1.00000000e+00],
          [  0.00000000e+00,   0.00000000e+00,   0.00000000e+00]],
  
         [[  0.00000000e+00,   1.11022302e-16,   1.11022302e-16],
          [  0.00000000e+00,   0.00000000e+00,   0.00000000e+00]],
  
         [[  1.00000000e+00,   1.00000000e+00,   1.00000000e+00],
          [  0.00000000e+00,   0.00000000e+00,   0.00000000e+00]],
  
         [[  0.00000000e+00,   0.00000000e+00,   0.00000000e+00],
          [ -1.00000000e+00,  -1.00000000e+00,  -1.00000000e+00]],
  
         [[  0.00000000e+00,   0.00000000e+00,   0.00000000e+00],
          [  0.00000000e+00,   1.11022302e-16,   1.11022302e-16]],
  
         [[  0.00000000e+00,   0.00000000e+00,   0.00000000e+00],
          [  1.00000000e+00,   1.00000000e+00,   1.00000000e+00]]]), (1, 0): array([[[-1., -1., -1.],
          [ 0.,  0.,  0.]],
  
         [[ 1.,  1.,  1.],
          [ 0.,  0.,  0.]],
  
         [[ 0.,  0.,  0.],
          [ 0.,  0.,  0.]],
  
         [[ 0.,  0.,  0.],
          [-1., -1., -1.]],
  
         [[ 0.,  0.,  0.],
          [ 1.,  1.,  1.]],
  
         [[ 0.,  0.,  0.],
          [ 0.,  0.,  0.]]]), (0, 0): array([[[ 0.66666667,  0.16666667,  0.16666667],
          [ 0.        ,  0.        ,  0.        ]],
  
         [[ 0.16666667,  0.16666667,  0.66666667],
          [ 0.        ,  0.        ,  0.        ]],
  
         [[ 0.16666667,  0.66666667,  0.16666667],
          [ 0.        ,  0.        ,  0.        ]],
  
         [[ 0.        ,  0.        ,  0.        ],
          [ 0.66666667,  0.16666667,  0.16666667]],
  
         [[ 0.        ,  0.        ,  0.        ],
          [ 0.16666667,  0.16666667,  0.66666667]],
  
         [[ 0.        ,  0.        ,  0.        ],
          [ 0.16666667,  0.66666667,  0.16666667]]])}}}}}
  
  QG-utils, psi_tables, flat_tables:
  {'FE0_D10': array([[-1.0, 1.0, 0.0],
         [-1.0, 1.0, 0.0],
         [-1.0, 1.0, 0.0]], dtype=object), 'FE0_D01': array([[-1.0, 0.0, 1.0],
         [-0.99999999999999989, 1.1102230246251565e-16, 0.99999999999999978],
         [-0.99999999999999989, 1.1102230246251565e-16, 0.99999999999999978]], dtype=object), 'FE1_C0': array([[ 0.66666667,  0.16666667,  0.16666667,  0.        ,  0.        ,
           0.        ],
         [ 0.16666667,  0.16666667,  0.66666667,  0.        ,  0.        ,
           0.        ],
         [ 0.16666667,  0.66666667,  0.16666667,  0.        ,  0.        ,
           0.        ]]), 'FE1_C1': array([[ 0.        ,  0.        ,  0.        ,  0.66666667,  0.16666667,
           0.16666667],
         [ 0.        ,  0.        ,  0.        ,  0.16666667,  0.16666667,
           0.66666667],
         [ 0.        ,  0.        ,  0.        ,  0.16666667,  0.66666667,
           0.16666667]]), 'FE1_C1_D10': array([[ 0.,  0.,  0., -1.,  1.,  0.],
         [ 0.,  0.,  0., -1.,  1.,  0.],
         [ 0.,  0.,  0., -1.,  1.,  0.]]), 'FE0': array([[0.66666666666666685, 0.16666666666666663, 0.16666666666666666],
         [0.16666666666666674, 0.16666666666666663, 0.66666666666666652],
         [0.16666666666666669, 0.66666666666666652, 0.16666666666666663]], dtype=object), 'FE1_C1_D01': array([[  0.00000000e+00,   0.00000000e+00,   0.00000000e+00,
           -1.00000000e+00,   0.00000000e+00,   1.00000000e+00],
         [  0.00000000e+00,   0.00000000e+00,   0.00000000e+00,
           -1.00000000e+00,   1.11022302e-16,   1.00000000e+00],
         [  0.00000000e+00,   0.00000000e+00,   0.00000000e+00,
           -1.00000000e+00,   1.11022302e-16,   1.00000000e+00]]), 'FE1_C0_D01': array([[ -1.00000000e+00,   0.00000000e+00,   1.00000000e+00,
            0.00000000e+00,   0.00000000e+00,   0.00000000e+00],
         [ -1.00000000e+00,   1.11022302e-16,   1.00000000e+00,
            0.00000000e+00,   0.00000000e+00,   0.00000000e+00],
         [ -1.00000000e+00,   1.11022302e-16,   1.00000000e+00,
            0.00000000e+00,   0.00000000e+00,   0.00000000e+00]]), 'FE1_C0_D10': array([[-1.,  1.,  0.,  0.,  0.,  0.],
         [-1.,  1.,  0.,  0.,  0.,  0.],
         [-1.,  1.,  0.,  0.,  0.,  0.]])}
  
  tables: {'FE0_D10': array([[-1.0, 1.0, 0.0],
         [-1.0, 1.0, 0.0],
         [-1.0, 1.0, 0.0]], dtype=object), 'FE0_D01': array([[-1.0, 0.0, 1.0],
         [-0.99999999999999989, 1.1102230246251565e-16, 0.99999999999999978],
         [-0.99999999999999989, 1.1102230246251565e-16, 0.99999999999999978]], dtype=object), 'FE1_C0': array([[ 0.66666667,  0.16666667,  0.16666667,  0.        ,  0.        ,
           0.        ],
         [ 0.16666667,  0.16666667,  0.66666667,  0.        ,  0.        ,
           0.        ],
         [ 0.16666667,  0.66666667,  0.16666667,  0.        ,  0.        ,
           0.        ]]), 'FE1_C1': array([[ 0.        ,  0.        ,  0.        ,  0.66666667,  0.16666667,
           0.16666667],
         [ 0.        ,  0.        ,  0.        ,  0.16666667,  0.16666667,
           0.66666667],
         [ 0.        ,  0.        ,  0.        ,  0.16666667,  0.66666667,
           0.16666667]]), 'FE1_C1_D10': array([[ 0.,  0.,  0., -1.,  1.,  0.],
         [ 0.,  0.,  0., -1.,  1.,  0.],
         [ 0.,  0.,  0., -1.,  1.,  0.]]), 'FE0': array([[0.66666666666666685, 0.16666666666666663, 0.16666666666666666],
         [0.16666666666666674, 0.16666666666666663, 0.66666666666666652],
         [0.16666666666666669, 0.66666666666666652, 0.16666666666666663]], dtype=object), 'FE1_C1_D01': array([[  0.00000000e+00,   0.00000000e+00,   0.00000000e+00,
           -1.00000000e+00,   0.00000000e+00,   1.00000000e+00],
         [  0.00000000e+00,   0.00000000e+00,   0.00000000e+00,
           -1.00000000e+00,   1.11022302e-16,   1.00000000e+00],
         [  0.00000000e+00,   0.00000000e+00,   0.00000000e+00,
           -1.00000000e+00,   1.11022302e-16,   1.00000000e+00]]), 'FE1_C0_D01': array([[ -1.00000000e+00,   0.00000000e+00,   1.00000000e+00,
            0.00000000e+00,   0.00000000e+00,   0.00000000e+00],
         [ -1.00000000e+00,   1.11022302e-16,   1.00000000e+00,
            0.00000000e+00,   0.00000000e+00,   0.00000000e+00],
         [ -1.00000000e+00,   1.11022302e-16,   1.00000000e+00,
            0.00000000e+00,   0.00000000e+00,   0.00000000e+00]]), 'FE1_C0_D10': array([[-1.,  1.,  0.,  0.,  0.,  0.],
         [-1.,  1.,  0.,  0.,  0.,  0.],
         [-1.,  1.,  0.,  0.,  0.,  0.]])}
  
  name_map: {}
  
  inv_name_map: {'FE0_D10': 'FE0_D10', 'FE0_D01': 'FE0_D01', 'FE1_C0': 'FE1_C0', 'FE1_C1': 'FE1_C1', 'FE1_C1_D10': 'FE1_C1_D10', 'FE0': 'FE0', 'FE1_C1_D01': 'FE1_C1_D01', 'FE1_C0_D01': 'FE1_C0_D01', 'FE1_C0_D10': 'FE1_C0_D10'}
  
  QG-utils, psi_tables, unique_tables:
  {'FE0_D01': array([[-1.0, 1.0],
         [-0.99999999999999989, 0.99999999999999978],
         [-0.99999999999999989, 0.99999999999999978]], dtype=object), 'FE0': array([[0.66666666666666685, 0.16666666666666663, 0.16666666666666666],
         [0.16666666666666674, 0.16666666666666663, 0.66666666666666652],
         [0.16666666666666669, 0.66666666666666652, 0.16666666666666663]], dtype=object)}
  
  QG-utils, psi_tables, name_map:
  {'FE0_D10': ('FE0_D01', (1, [0, 1]), False, False), 'FE0_D01': ('FE0_D01', (0, [0, 2]), False, False), 'FE1_C0': ('FE0', (2, [0, 1, 2]), False, False), 'FE1_C1': ('FE0', (5, [3, 4, 5]), False, False), 'FE1_C1_D10': ('FE0_D01', (7, [3, 4]), False, False), 'FE0': ('FE0', (), False, False), 'FE1_C1_D01': ('FE0_D01', (6, [3, 5]), False, False), 'FE1_C0_D01': ('FE0_D01', (3, [0, 2]), False, False), 'FE1_C0_D10': ('FE0_D01', (4, [0, 1]), False, False)}
  Transforming cell integral
  Reusing element from cache
  Reusing element from cache
  Reusing element from cache
  Reusing element from cache
  Reusing element from cache
  Reusing element from cache
  Reusing element from cache
  Reusing element from cache
  Reusing element from cache
  Reusing element from cache
  Reusing element from cache
  Reusing element from cache
  Reusing element from cache
  Reusing element from cache
  Reusing element from cache
  Reusing element from cache
  Reusing element from cache
  Reusing element from cache
  Computing quadrature representation
  Reusing element from cache
  Reusing element from cache
  Reusing element from cache
  Reusing element from cache
  Reusing element from cache
  
  QG-utils, psi_tables:
  {3: {FiniteElement('Lagrange', Domain(Cell('triangle', 2), label=None, data=None), 1, quad_scheme=None): {None: {None: {(0, 1): array([[-1.0, -0.99999999999999989, -0.99999999999999989],
         [0.0, 1.1102230246251565e-16, 1.1102230246251565e-16],
         [1.0, 0.99999999999999978, 0.99999999999999978]], dtype=object), (1, 0): array([[-1.0, -1.0, -1.0],
         [1.0, 1.0, 1.0],
         [0.0, 0.0, 0.0]], dtype=object), (0, 0): array([[0.66666666666666685, 0.16666666666666674, 0.16666666666666669],
         [0.16666666666666663, 0.16666666666666663, 0.66666666666666652],
         [0.16666666666666666, 0.66666666666666652, 0.16666666666666663]], dtype=object)}}}, VectorElement('Lagrange', Domain(Cell('triangle', 2), label=None, data=None), 1, dim=2, quad_scheme=None): {None: {None: {(0, 1): array([[[ -1.00000000e+00,  -1.00000000e+00,  -1.00000000e+00],
          [  0.00000000e+00,   0.00000000e+00,   0.00000000e+00]],
  
         [[  0.00000000e+00,   1.11022302e-16,   1.11022302e-16],
          [  0.00000000e+00,   0.00000000e+00,   0.00000000e+00]],
  
         [[  1.00000000e+00,   1.00000000e+00,   1.00000000e+00],
          [  0.00000000e+00,   0.00000000e+00,   0.00000000e+00]],
  
         [[  0.00000000e+00,   0.00000000e+00,   0.00000000e+00],
          [ -1.00000000e+00,  -1.00000000e+00,  -1.00000000e+00]],
  
         [[  0.00000000e+00,   0.00000000e+00,   0.00000000e+00],
          [  0.00000000e+00,   1.11022302e-16,   1.11022302e-16]],
  
         [[  0.00000000e+00,   0.00000000e+00,   0.00000000e+00],
          [  1.00000000e+00,   1.00000000e+00,   1.00000000e+00]]]), (1, 0): array([[[-1., -1., -1.],
          [ 0.,  0.,  0.]],
  
         [[ 1.,  1.,  1.],
          [ 0.,  0.,  0.]],
  
         [[ 0.,  0.,  0.],
          [ 0.,  0.,  0.]],
  
         [[ 0.,  0.,  0.],
          [-1., -1., -1.]],
  
         [[ 0.,  0.,  0.],
          [ 1.,  1.,  1.]],
  
         [[ 0.,  0.,  0.],
          [ 0.,  0.,  0.]]]), (0, 0): array([[[ 0.66666667,  0.16666667,  0.16666667],
          [ 0.        ,  0.        ,  0.        ]],
  
         [[ 0.16666667,  0.16666667,  0.66666667],
          [ 0.        ,  0.        ,  0.        ]],
  
         [[ 0.16666667,  0.66666667,  0.16666667],
          [ 0.        ,  0.        ,  0.        ]],
  
         [[ 0.        ,  0.        ,  0.        ],
          [ 0.66666667,  0.16666667,  0.16666667]],
  
         [[ 0.        ,  0.        ,  0.        ],
          [ 0.16666667,  0.16666667,  0.66666667]],
  
         [[ 0.        ,  0.        ,  0.        ],
          [ 0.16666667,  0.66666667,  0.16666667]]])}}}}}
  
  QG-utils, psi_tables, flat_tables:
  {'FE0_D10': array([[-1.0, 1.0, 0.0],
         [-1.0, 1.0, 0.0],
         [-1.0, 1.0, 0.0]], dtype=object), 'FE0_D01': array([[-1.0, 0.0, 1.0],
         [-0.99999999999999989, 1.1102230246251565e-16, 0.99999999999999978],
         [-0.99999999999999989, 1.1102230246251565e-16, 0.99999999999999978]], dtype=object), 'FE1_C0': array([[ 0.66666667,  0.16666667,  0.16666667,  0.        ,  0.        ,
           0.        ],
         [ 0.16666667,  0.16666667,  0.66666667,  0.        ,  0.        ,
           0.        ],
         [ 0.16666667,  0.66666667,  0.16666667,  0.        ,  0.        ,
           0.        ]]), 'FE1_C1': array([[ 0.        ,  0.        ,  0.        ,  0.66666667,  0.16666667,
           0.16666667],
         [ 0.        ,  0.        ,  0.        ,  0.16666667,  0.16666667,
           0.66666667],
         [ 0.        ,  0.        ,  0.        ,  0.16666667,  0.66666667,
           0.16666667]]), 'FE1_C1_D10': array([[ 0.,  0.,  0., -1.,  1.,  0.],
         [ 0.,  0.,  0., -1.,  1.,  0.],
         [ 0.,  0.,  0., -1.,  1.,  0.]]), 'FE0': array([[0.66666666666666685, 0.16666666666666663, 0.16666666666666666],
         [0.16666666666666674, 0.16666666666666663, 0.66666666666666652],
         [0.16666666666666669, 0.66666666666666652, 0.16666666666666663]], dtype=object), 'FE1_C1_D01': array([[  0.00000000e+00,   0.00000000e+00,   0.00000000e+00,
           -1.00000000e+00,   0.00000000e+00,   1.00000000e+00],
         [  0.00000000e+00,   0.00000000e+00,   0.00000000e+00,
           -1.00000000e+00,   1.11022302e-16,   1.00000000e+00],
         [  0.00000000e+00,   0.00000000e+00,   0.00000000e+00,
           -1.00000000e+00,   1.11022302e-16,   1.00000000e+00]]), 'FE1_C0_D01': array([[ -1.00000000e+00,   0.00000000e+00,   1.00000000e+00,
            0.00000000e+00,   0.00000000e+00,   0.00000000e+00],
         [ -1.00000000e+00,   1.11022302e-16,   1.00000000e+00,
            0.00000000e+00,   0.00000000e+00,   0.00000000e+00],
         [ -1.00000000e+00,   1.11022302e-16,   1.00000000e+00,
            0.00000000e+00,   0.00000000e+00,   0.00000000e+00]]), 'FE1_C0_D10': array([[-1.,  1.,  0.,  0.,  0.,  0.],
         [-1.,  1.,  0.,  0.,  0.,  0.],
         [-1.,  1.,  0.,  0.,  0.,  0.]])}
  
  tables: {'FE0_D10': array([[-1.0, 1.0, 0.0],
         [-1.0, 1.0, 0.0],
         [-1.0, 1.0, 0.0]], dtype=object), 'FE0_D01': array([[-1.0, 0.0, 1.0],
         [-0.99999999999999989, 1.1102230246251565e-16, 0.99999999999999978],
         [-0.99999999999999989, 1.1102230246251565e-16, 0.99999999999999978]], dtype=object), 'FE1_C0': array([[ 0.66666667,  0.16666667,  0.16666667,  0.        ,  0.        ,
           0.        ],
         [ 0.16666667,  0.16666667,  0.66666667,  0.        ,  0.        ,
           0.        ],
         [ 0.16666667,  0.66666667,  0.16666667,  0.        ,  0.        ,
           0.        ]]), 'FE1_C1': array([[ 0.        ,  0.        ,  0.        ,  0.66666667,  0.16666667,
           0.16666667],
         [ 0.        ,  0.        ,  0.        ,  0.16666667,  0.16666667,
           0.66666667],
         [ 0.        ,  0.        ,  0.        ,  0.16666667,  0.66666667,
           0.16666667]]), 'FE1_C1_D10': array([[ 0.,  0.,  0., -1.,  1.,  0.],
         [ 0.,  0.,  0., -1.,  1.,  0.],
         [ 0.,  0.,  0., -1.,  1.,  0.]]), 'FE0': array([[0.66666666666666685, 0.16666666666666663, 0.16666666666666666],
         [0.16666666666666674, 0.16666666666666663, 0.66666666666666652],
         [0.16666666666666669, 0.66666666666666652, 0.16666666666666663]], dtype=object), 'FE1_C1_D01': array([[  0.00000000e+00,   0.00000000e+00,   0.00000000e+00,
           -1.00000000e+00,   0.00000000e+00,   1.00000000e+00],
         [  0.00000000e+00,   0.00000000e+00,   0.00000000e+00,
           -1.00000000e+00,   1.11022302e-16,   1.00000000e+00],
         [  0.00000000e+00,   0.00000000e+00,   0.00000000e+00,
           -1.00000000e+00,   1.11022302e-16,   1.00000000e+00]]), 'FE1_C0_D01': array([[ -1.00000000e+00,   0.00000000e+00,   1.00000000e+00,
            0.00000000e+00,   0.00000000e+00,   0.00000000e+00],
         [ -1.00000000e+00,   1.11022302e-16,   1.00000000e+00,
            0.00000000e+00,   0.00000000e+00,   0.00000000e+00],
         [ -1.00000000e+00,   1.11022302e-16,   1.00000000e+00,
            0.00000000e+00,   0.00000000e+00,   0.00000000e+00]]), 'FE1_C0_D10': array([[-1.,  1.,  0.,  0.,  0.,  0.],
         [-1.,  1.,  0.,  0.,  0.,  0.],
         [-1.,  1.,  0.,  0.,  0.,  0.]])}
  
  name_map: {}
  
  inv_name_map: {'FE0_D10': 'FE0_D10', 'FE0_D01': 'FE0_D01', 'FE1_C0': 'FE1_C0', 'FE1_C1': 'FE1_C1', 'FE1_C1_D10': 'FE1_C1_D10', 'FE0': 'FE0', 'FE1_C1_D01': 'FE1_C1_D01', 'FE1_C0_D01': 'FE1_C0_D01', 'FE1_C0_D10': 'FE1_C0_D10'}
  
  QG-utils, psi_tables, unique_tables:
  {'FE0_D01': array([[-1.0, 1.0],
         [-0.99999999999999989, 0.99999999999999978],
         [-0.99999999999999989, 0.99999999999999978]], dtype=object), 'FE0': array([[0.66666666666666685, 0.16666666666666663, 0.16666666666666666],
         [0.16666666666666674, 0.16666666666666663, 0.66666666666666652],
         [0.16666666666666669, 0.66666666666666652, 0.16666666666666663]], dtype=object)}
  
  QG-utils, psi_tables, name_map:
  {'FE0_D10': ('FE0_D01', (1, [0, 1]), False, False), 'FE0_D01': ('FE0_D01', (0, [0, 2]), False, False), 'FE1_C0': ('FE0', (2, [0, 1, 2]), False, False), 'FE1_C1': ('FE0', (5, [3, 4, 5]), False, False), 'FE1_C1_D10': ('FE0_D01', (7, [3, 4]), False, False), 'FE0': ('FE0', (), False, False), 'FE1_C1_D01': ('FE0_D01', (6, [3, 5]), False, False), 'FE1_C0_D01': ('FE0_D01', (3, [0, 2]), False, False), 'FE1_C0_D10': ('FE0_D01', (4, [0, 1]), False, False)}
  Transforming cell integral
  Reusing element from cache
  Reusing element from cache
  Reusing element from cache
  Reusing element from cache
  Reusing element from cache
  Reusing element from cache
  Reusing element from cache
  Reusing element from cache
  Reusing element from cache
  Reusing element from cache
  Reusing element from cache
  Reusing element from cache
  Reusing element from cache
  Reusing element from cache
  Reusing element from cache
  Reusing element from cache
  Reusing element from cache
  Reusing element from cache
  Reusing element from cache
  Reusing element from cache
  Reusing element from cache
  Reusing element from cache
  Reusing element from cache
  Reusing element from cache
  Reusing element from cache
  Reusing element from cache
  Computing representation of forms
  
Compiler stage 2 finished in 0.126413 seconds.

Compiler stage 3: Optimizing intermediate representation
--------------------------------------------------------
  Optimising expressions for cell integral
  Optimising expressions for cell integral
  
Compiler stage 3 finished in 0.00921893 seconds.

Compiler stage 4: Generating code
---------------------------------
  Generating code for 1 element(s)
  Removing unused variable: tmp2
  Removing unused variable: tmp1
  Removing unused variable: tmp7
  Removing unused variable: tmp6
  Removing unused variable: tmp5
  Removing unused variable: tt
  Removing unused variable: ss
  Removing unused variable: rr
  Removing unused variable: tmp2
  Removing unused variable: tmp1
  Removing unused variable: tmp7
  Removing unused variable: tmp6
  Removing unused variable: tmp5
  Removing unused variable: tt
  Removing unused variable: ss
  Removing unused variable: rr
  Removing unused variable: tmp2
  Removing unused variable: tmp1
  Removing unused variable: tmp7
  Removing unused variable: tmp6
  Removing unused variable: tmp5
  Removing unused variable: tt
  Removing unused variable: ss
  Removing unused variable: rr
  Removing unused variable: tmp2
  Removing unused variable: tmp1
  Removing unused variable: tmp7
  Removing unused variable: tmp6
  Removing unused variable: tmp5
  Removing unused variable: tt
  Removing unused variable: ss
  Removing unused variable: rr
  Removing unused variable: tmp2
  Removing unused variable: tmp1
  Removing unused variable: tmp7
  Removing unused variable: tmp6
  Removing unused variable: tmp5
  Removing unused variable: tt
  Removing unused variable: ss
  Removing unused variable: rr
  Removing unused variable: tmp2
  Removing unused variable: tmp1
  Removing unused variable: tmp7
  Removing unused variable: tmp6
  Removing unused variable: tmp5
  Removing unused variable: tt
  Removing unused variable: ss
  Removing unused variable: rr
  Generating code for 1 dofmap(s)
  Generating code for integrals
  Removing unused variable: circumradius
  Removing unused variable: v0v1
  Removing unused variable: v0v2
  Removing unused variable: v1v2
  Removing unused variable: volume
  Removing unused variable: circumradius
  Removing unused variable: v0v1
  Removing unused variable: v0v2
  Removing unused variable: v1v2
  Removing unused variable: volume
  Generating code for forms
  
Compiler stage 4 finished in 0.06299 seconds.

Compiler stage 4.1: Generating additional wrapper code
------------------------------------------------------
  Generating wrapper code for DOLFIN
  
Compiler stage 4.1 finished in 0.0010159 seconds.

Compiler stage 5: Formatting code
---------------------------------
  Output written to ./NonlinearPoisson.h.
  
Compiler stage 5 finished in 0.00142002 seconds.

[1;37;32mFFC finished in 0.240043 seconds.[0m
