This is FFC, the FEniCS Form Compiler, version 0.9.10.
For further information, visit http://www.fenics.org/ffc/.

Compiling form AdaptivePoisson

Compiler stage 1: Analyzing form(s)
-----------------------------------
  
  Name:                             'a'
  Rank:                             2
  Cell:                             <triangle cell in R2>
  Topological dimension:            2
  Geometric dimension:              2
  Number of facets:                 3
  Number of coefficients:           0
  Number of cell domains:           1
  Number of exterior facet domains: 0
  Number or interior facet domains: 0
  Number of macro cell domains:     0
  Number of surface domains:        0
  Arguments:                        '[v_0, v_1]'
  Coefficients:                     '[]'
  Argument names:                   '[v, u]'
  Coefficient names:                '[]'
  Unique elements:                  'CG1(?)'
  Unique sub elements:              'CG1(?)'
  
  Extracting monomial form representation from UFL form
  Transforming monomial form to reference element
  Reusing element from cache
  Estimated cost of tensor representation: 2
  representation:    auto --> tensor
  Selecting quadrature degree based on total polynomial degree of integrand: 0
  quadrature_degree: auto --> 0
  quadrature_rule:   auto --> default
  
  Name:                             'a'
  Rank:                             1
  Cell:                             <triangle cell in R2>
  Topological dimension:            2
  Geometric dimension:              2
  Number of facets:                 3
  Number of coefficients:           0
  Number of cell domains:           1
  Number of exterior facet domains: 0
  Number or interior facet domains: 0
  Number of macro cell domains:     0
  Number of surface domains:        0
  Arguments:                        '[v_0]'
  Coefficients:                     '[]'
  Argument names:                   '[v0]'
  Coefficient names:                '[]'
  Unique elements:                  'CG1(?)'
  Unique sub elements:              'CG1(?)'
  
  Extracting monomial form representation from UFL form
  Transforming monomial form to reference element
  Reusing element from cache
  Estimated cost of tensor representation: 0
  representation:    auto --> tensor
  Selecting quadrature degree based on total polynomial degree of integrand: 1
  quadrature_degree: auto --> 1
  quadrature_rule:   auto --> default
  
  Name:                             'a'
  Rank:                             0
  Cell:                             <triangle cell in R2>
  Topological dimension:            2
  Geometric dimension:              2
  Number of facets:                 3
  Number of coefficients:           4
  Number of cell domains:           1
  Number of exterior facet domains: 1
  Number or interior facet domains: 0
  Number of macro cell domains:     0
  Number of surface domains:        0
  Arguments:                        '[]'
  Coefficients:                     '[w_0, w_1, w_2, w_3]'
  Argument names:                   '[]'
  Coefficient names:                '[f, g, __discrete_primal_solution, __improved_d
                                    ual]'
  Unique elements:                  'CG1(?), CG2(?)'
  Unique sub elements:              'CG1(?), CG2(?)'
  
  Extracting monomial form representation from UFL form
  Transforming monomial form to reference element
  Reusing element from cache
  Reusing element from cache
  Reusing element from cache
  Estimated cost of tensor representation: 4
  representation:    auto --> quadrature
  Selecting quadrature degree based on total polynomial degree of integrand: 3
  quadrature_degree: auto --> 3
  quadrature_rule:   auto --> default
  Extracting monomial form representation from UFL form
  Transforming monomial form to reference element
  Reusing element from cache
  Reusing element from cache
  Estimated cost of tensor representation: 2
  representation:    auto --> tensor
  Selecting quadrature degree based on total polynomial degree of integrand: 3
  quadrature_degree: auto --> 3
  quadrature_rule:   auto --> default
  
  Name:                             'a'
  Rank:                             2
  Cell:                             <triangle cell in R2>
  Topological dimension:            2
  Geometric dimension:              2
  Number of facets:                 3
  Number of coefficients:           1
  Number of cell domains:           1
  Number of exterior facet domains: 0
  Number or interior facet domains: 0
  Number of macro cell domains:     0
  Number of surface domains:        0
  Arguments:                        '[v_0, v_1]'
  Coefficients:                     '[w_0]'
  Argument names:                   '[v0, v1]'
  Coefficient names:                '[__cell_bubble]'
  Unique elements:                  'DG1(?), B3(?)'
  Unique sub elements:              'DG1(?), B3(?)'
  
  Extracting monomial form representation from UFL form
  Transforming monomial form to reference element
  Reusing element from cache
  Estimated cost of tensor representation: 1
  representation:    auto --> tensor
  Selecting quadrature degree based on total polynomial degree of integrand: 5
  quadrature_degree: auto --> 5
  quadrature_rule:   auto --> default
  
  Name:                             'a'
  Rank:                             1
  Cell:                             <triangle cell in R2>
  Topological dimension:            2
  Geometric dimension:              2
  Number of facets:                 3
  Number of coefficients:           4
  Number of cell domains:           1
  Number of exterior facet domains: 1
  Number or interior facet domains: 0
  Number of macro cell domains:     0
  Number of surface domains:        0
  Arguments:                        '[v_0]'
  Coefficients:                     '[w_0, w_1, w_2, w_3]'
  Argument names:                   '[v0]'
  Coefficient names:                '[f, g, __discrete_primal_solution, __cell_bubbl
                                    e]'
  Unique elements:                  'DG1(?), CG1(?), B3(?)'
  Unique sub elements:              'DG1(?), CG1(?), B3(?)'
  
  Extracting monomial form representation from UFL form
  Transforming monomial form to reference element
  Reusing element from cache
  Reusing element from cache
  Reusing element from cache
  Reusing element from cache
  Reusing element from cache
  Reusing element from cache
  Reusing element from cache
  Reusing element from cache
  Reusing element from cache
  Estimated cost of tensor representation: 4
  representation:    auto --> quadrature
  Selecting quadrature degree based on total polynomial degree of integrand: 5
  quadrature_degree: auto --> 5
  quadrature_rule:   auto --> default
  Extracting monomial form representation from UFL form
  Transforming monomial form to reference element
  Reusing element from cache
  Reusing element from cache
  Reusing element from cache
  Estimated cost of tensor representation: 2
  representation:    auto --> tensor
  Selecting quadrature degree based on total polynomial degree of integrand: 5
  quadrature_degree: auto --> 5
  quadrature_rule:   auto --> default
  
  Name:                             'a'
  Rank:                             2
  Cell:                             <triangle cell in R2>
  Topological dimension:            2
  Geometric dimension:              2
  Number of facets:                 3
  Number of coefficients:           1
  Number of cell domains:           0
  Number of exterior facet domains: 1
  Number or interior facet domains: 1
  Number of macro cell domains:     0
  Number of surface domains:        0
  Arguments:                        '[v_0, v_1]'
  Coefficients:                     '[w_0]'
  Argument names:                   '[v0, v1]'
  Coefficient names:                '[__cell_cone]'
  Unique elements:                  'DG1(?), DG2(?)'
  Unique sub elements:              'DG1(?), DG2(?)'
  
  Extracting monomial form representation from UFL form
  Transforming monomial form to reference element
  Reusing element from cache
  Reusing element from cache
  Estimated cost of tensor representation: 1
  representation:    auto --> tensor
  Selecting quadrature degree based on total polynomial degree of integrand: 4
  quadrature_degree: auto --> 4
  quadrature_rule:   auto --> default
  Extracting monomial form representation from UFL form
  Transforming monomial form to reference element
  Reusing element from cache
  Reusing element from cache
  Reusing element from cache
  Reusing element from cache
  Reusing element from cache
  Reusing element from cache
  Estimated cost of tensor representation: 1
  representation:    auto --> tensor
  Selecting quadrature degree based on total polynomial degree of integrand: 4
  quadrature_degree: auto --> 4
  quadrature_rule:   auto --> default
  
  Name:                             'a'
  Rank:                             1
  Cell:                             <triangle cell in R2>
  Topological dimension:            2
  Geometric dimension:              2
  Number of facets:                 3
  Number of coefficients:           5
  Number of cell domains:           1
  Number of exterior facet domains: 1
  Number or interior facet domains: 0
  Number of macro cell domains:     0
  Number of surface domains:        0
  Arguments:                        '[v_0]'
  Coefficients:                     '[w_0, w_1, w_2, w_3, w_4]'
  Argument names:                   '[v0]'
  Coefficient names:                '[f, g, __discrete_primal_solution, __cell_resid
                                    ual, __cell_cone]'
  Unique elements:                  'DG1(?), CG1(?), DG2(?)'
  Unique sub elements:              'DG1(?), CG1(?), DG2(?)'
  
  Extracting monomial form representation from UFL form
  Transforming monomial form to reference element
  Reusing element from cache
  Reusing element from cache
  Reusing element from cache
  Reusing element from cache
  Reusing element from cache
  Reusing element from cache
  Reusing element from cache
  Reusing element from cache
  Reusing element from cache
  Reusing element from cache
  Reusing element from cache
  Reusing element from cache
  Estimated cost of tensor representation: 4
  representation:    auto --> quadrature
  Selecting quadrature degree based on total polynomial degree of integrand: 4
  quadrature_degree: auto --> 4
  quadrature_rule:   auto --> default
  Extracting monomial form representation from UFL form
  Transforming monomial form to reference element
  Reusing element from cache
  Reusing element from cache
  Reusing element from cache
  Estimated cost of tensor representation: 2
  representation:    auto --> tensor
  Selecting quadrature degree based on total polynomial degree of integrand: 4
  quadrature_degree: auto --> 4
  quadrature_rule:   auto --> default
  
  Name:                             'a'
  Rank:                             1
  Cell:                             <triangle cell in R2>
  Topological dimension:            2
  Geometric dimension:              2
  Number of facets:                 3
  Number of coefficients:           4
  Number of cell domains:           1
  Number of exterior facet domains: 1
  Number or interior facet domains: 1
  Number of macro cell domains:     0
  Number of surface domains:        0
  Arguments:                        '[v_0]'
  Coefficients:                     '[w_0, w_1, w_2, w_3]'
  Argument names:                   '[v0]'
  Coefficient names:                '[__improved_dual, __cell_residual, __facet_resi
                                    dual, __discrete_dual_solution]'
  Unique elements:                  'DG0(?), CG2(?), DG1(?), CG1(?)'
  Unique sub elements:              'DG0(?), CG2(?), DG1(?), CG1(?)'
  
  Extracting monomial form representation from UFL form
  Transforming monomial form to reference element
  Reusing element from cache
  Reusing element from cache
  Reusing element from cache
  Reusing element from cache
  Reusing element from cache
  Estimated cost of tensor representation: 2
  representation:    auto --> tensor
  Selecting quadrature degree based on total polynomial degree of integrand: 3
  quadrature_degree: auto --> 3
  quadrature_rule:   auto --> default
  Extracting monomial form representation from UFL form
  Transforming monomial form to reference element
  Reusing element from cache
  Reusing element from cache
  Reusing element from cache
  Reusing element from cache
  Reusing element from cache
  Reusing element from cache
  Estimated cost of tensor representation: 2
  representation:    auto --> tensor
  Selecting quadrature degree based on total polynomial degree of integrand: 3
  quadrature_degree: auto --> 3
  quadrature_rule:   auto --> default
  Extracting monomial form representation from UFL form
  Transforming monomial form to reference element
  Reusing element from cache
  Reusing element from cache
  Reusing element from cache
  Reusing element from cache
  Reusing element from cache
  Reusing element from cache
  Reusing element from cache
  Reusing element from cache
  Reusing element from cache
  Reusing element from cache
  Reusing element from cache
  Reusing element from cache
  Reusing element from cache
  Reusing element from cache
  Reusing element from cache
  Reusing element from cache
  Reusing element from cache
  Reusing element from cache
  Reusing element from cache
  Reusing element from cache
  Reusing element from cache
  Reusing element from cache
  Reusing element from cache
  Reusing element from cache
  Estimated cost of tensor representation: 2
  representation:    auto --> tensor
  Selecting quadrature degree based on total polynomial degree of integrand: 3
  quadrature_degree: auto --> 3
  quadrature_rule:   auto --> default
  
  Name:                             'a'
  Rank:                             2
  Cell:                             <triangle cell in R2>
  Topological dimension:            2
  Geometric dimension:              2
  Number of facets:                 3
  Number of coefficients:           0
  Number of cell domains:           1
  Number of exterior facet domains: 0
  Number or interior facet domains: 0
  Number of macro cell domains:     0
  Number of surface domains:        0
  Arguments:                        '[v_0, v_1]'
  Coefficients:                     '[]'
  Argument names:                   '[v, u]'
  Coefficient names:                '[]'
  Unique elements:                  'CG1(?)'
  Unique sub elements:              'CG1(?)'
  
  Extracting monomial form representation from UFL form
  Reusing monomial integrand from cache
  Transforming monomial form to reference element
  Estimated cost of tensor representation: 2
  representation:    auto --> tensor
  Selecting quadrature degree based on total polynomial degree of integrand: 0
  quadrature_degree: auto --> 0
  quadrature_rule:   auto --> default
  
  Name:                             'L'
  Rank:                             1
  Cell:                             <triangle cell in R2>
  Topological dimension:            2
  Geometric dimension:              2
  Number of facets:                 3
  Number of coefficients:           2
  Number of cell domains:           1
  Number of exterior facet domains: 1
  Number or interior facet domains: 0
  Number of macro cell domains:     0
  Number of surface domains:        0
  Arguments:                        '[v_0]'
  Coefficients:                     '[w_0, w_1]'
  Argument names:                   '[v]'
  Coefficient names:                '[f, g]'
  Unique elements:                  'CG1(?)'
  Unique sub elements:              'CG1(?)'
  
  Extracting monomial form representation from UFL form
  Transforming monomial form to reference element
  Reusing element from cache
  Reusing element from cache
  Estimated cost of tensor representation: 1
  representation:    auto --> tensor
  Selecting quadrature degree based on total polynomial degree of integrand: 2
  quadrature_degree: auto --> 2
  quadrature_rule:   auto --> default
  Extracting monomial form representation from UFL form
  Transforming monomial form to reference element
  Reusing element from cache
  Reusing element from cache
  Estimated cost of tensor representation: 1
  representation:    auto --> tensor
  Selecting quadrature degree based on total polynomial degree of integrand: 2
  quadrature_degree: auto --> 2
  quadrature_rule:   auto --> default
  
  Name:                             'a'
  Rank:                             0
  Cell:                             <triangle cell in R2>
  Topological dimension:            2
  Geometric dimension:              2
  Number of facets:                 3
  Number of coefficients:           1
  Number of cell domains:           1
  Number of exterior facet domains: 0
  Number or interior facet domains: 0
  Number of macro cell domains:     0
  Number of surface domains:        0
  Arguments:                        '[]'
  Coefficients:                     '[w_0]'
  Argument names:                   '[]'
  Coefficient names:                '[__discrete_primal_solution]'
  Unique elements:                  'CG1(?)'
  Unique sub elements:              'CG1(?)'
  
  Extracting monomial form representation from UFL form
  Transforming monomial form to reference element
  Reusing element from cache
  Estimated cost of tensor representation: 1
  representation:    auto --> tensor
  Selecting quadrature degree based on total polynomial degree of integrand: 1
  quadrature_degree: auto --> 1
  quadrature_rule:   auto --> default
  
Compiler stage 1 finished in 0.159566 seconds.

Compiler stage 2: Computing intermediate representation
-------------------------------------------------------
  Computing representation of 6 elements
  Reusing element from cache
  Reusing element from cache
  Reusing element from cache
  Reusing element from cache
  Reusing element from cache
  Reusing element from cache
  Computing representation of 6 dofmaps
  Reusing element from cache
  Reusing element from cache
  Reusing element from cache
  Reusing element from cache
  Reusing element from cache
  Reusing element from cache
  Computing representation of integrals
  Computing tensor representation
  Extracting monomial form representation from UFL form
  Reusing monomial integrand from cache
  Transforming monomial form to reference element
  Precomputing integrals on reference element
  Reusing element from cache
  36 entries computed in 0.00144 seconds
  Shape of reference tensor: (3, 3, 2, 2)
  Primary multi index:   rank = 2 dims = [3, 3] indices = [[0, 0], [0, 1], [0, 2], [1, 0], [1, 1], [1, 2], [2, 0], [2, 1], [2, 2]]
  Secondary multi index: rank = 2 dims = [2, 2] indices = [[0, 0], [0, 1], [1, 0], [1, 1]]
  Internal multi index:  rank = 0 dims = [] indices = [[]]
  Secondary multi index: rank = 2 dims = [2, 2] indices = [[0, 0], [0, 1], [1, 0], [1, 1]]
  External multi index:  rank = 1 dims = [2] indices = [[0], [1]]
  Computing tensor representation
  Extracting monomial form representation from UFL form
  Reusing monomial integrand from cache
  Transforming monomial form to reference element
  Precomputing integrals on reference element
  Reusing element from cache
  3 entries computed in 0.00105 seconds
  Shape of reference tensor: (3,)
  Primary multi index:   rank = 1 dims = [3] indices = [[0], [1], [2]]
  Secondary multi index: rank = 0 dims = [] indices = [[]]
  Internal multi index:  rank = 0 dims = [] indices = [[]]
  Secondary multi index: rank = 0 dims = [] indices = [[]]
  External multi index:  rank = 0 dims = [] indices = [[]]
  Computing quadrature representation
  Reusing element from cache
  Reusing element from cache
  
  QG-utils, psi_tables:
  {6: {FiniteElement('Lagrange', Cell('triangle', Space(2)), 2, None): {None: {(0, 1): array([[0.563843963708, 0.0722665257879, 0.563843963708, -1.6361104895,
          0.0722665257879, -1.6361104895],
         [1.11022302463e-16, 0.0, 5.55111512313e-17, 0.0, -1.11022302463e-16,
          -2.77555756156e-17],
         [-0.0722665257879, -0.563843963708, 1.6361104895, -0.563843963708,
          1.6361104895, -0.0722665257879],
         [2.6361104895, 2.6361104895, 0.927733474212, 0.927733474212,
          0.436156036292, 0.436156036292],
         [-0.491577437921, 0.491577437921, -2.1999544532, 2.1999544532,
          -1.70837701528, 1.70837701528],
         [-2.6361104895, -2.6361104895, -0.927733474212, -0.927733474212,
          -0.436156036292, -0.436156036292]], dtype=object), (1, 0): array([[0.563843963708, 0.0722665257879, 0.563843963708, -1.6361104895,
          0.0722665257879, -1.6361104895],
         [1.6361104895, 1.6361104895, -0.0722665257879, -0.0722665257879,
          -0.563843963708, -0.563843963708],
         [0.0, 0.0, 0.0, 0.0, 0.0, 0.0],
         [0.927733474212, 0.436156036292, 2.6361104895, 0.436156036292,
          2.6361104895, 0.927733474212],
         [-0.927733474212, -0.436156036292, -2.6361104895, -0.436156036292,
          -2.6361104895, -0.927733474212],
         [-2.1999544532, -1.70837701528, -0.491577437921, 1.70837701528,
          0.491577437921, 2.1999544532]], dtype=object), (0, 0): array([[-0.0852599980737, -0.124347193656, -0.0852599980737, 0.20960719173,
          -0.124347193656, 0.20960719173],
         [0.20960719173, 0.20960719173, -0.124347193656, -0.124347193656,
          -0.0852599980737, -0.0852599980737],
         [-0.124347193656, -0.0852599980737, 0.20960719173, -0.0852599980737,
          0.20960719173, -0.124347193656],
         [0.611401985707, 0.287438875581, 0.611401985707, 0.101159138712,
          0.287438875581, 0.101159138712],
         [0.101159138712, 0.101159138712, 0.287438875581, 0.287438875581,
          0.611401985707, 0.611401985707],
         [0.287438875581, 0.611401985707, 0.101159138712, 0.611401985707,
          0.101159138712, 0.287438875581]], dtype=object)}}, FiniteElement('Lagrange', Cell('triangle', Space(2)), 1, None): {None: {(0, 1): array([[-1.0, -1.0, -1.0, -1.0, -1.0, -1.0],
         [1.11022302463e-16, 1.11022302463e-16, 1.11022302463e-16,
          1.11022302463e-16, 1.11022302463e-16, 1.11022302463e-16],
         [1.0, 1.0, 1.0, 1.0, 1.0, 1.0]], dtype=object), (1, 0): array([[-1.0, -1.0, -1.0, -1.0, -1.0, -1.0],
         [1.0, 1.0, 1.0, 1.0, 1.0, 1.0],
         [0.0, 0.0, 0.0, 0.0, 0.0, 0.0]], dtype=object), (0, 0): array([[0.109039009073, 0.231933368553, 0.109039009073, 0.659027622374,
          0.231933368553, 0.659027622374],
         [0.659027622374, 0.659027622374, 0.231933368553, 0.231933368553,
          0.109039009073, 0.109039009073],
         [0.231933368553, 0.109039009073, 0.659027622374, 0.109039009073,
          0.659027622374, 0.231933368553]], dtype=object)}}}}
  
  QG-utils, psi_tables, flat_tables:
  {'FE0_D10': array([[-1.0, 1.0, 0.0],
         [-1.0, 1.0, 0.0],
         [-1.0, 1.0, 0.0],
         [-1.0, 1.0, 0.0],
         [-1.0, 1.0, 0.0],
         [-1.0, 1.0, 0.0]], dtype=object), 'FE0_D01': array([[-1.0, 1.11022302463e-16, 1.0],
         [-1.0, 1.11022302463e-16, 1.0],
         [-1.0, 1.11022302463e-16, 1.0],
         [-1.0, 1.11022302463e-16, 1.0],
         [-1.0, 1.11022302463e-16, 1.0],
         [-1.0, 1.11022302463e-16, 1.0]], dtype=object), 'FE1_D01': array([[0.563843963708, 1.11022302463e-16, -0.0722665257879, 2.6361104895,
          -0.491577437921, -2.6361104895],
         [0.0722665257879, 0.0, -0.563843963708, 2.6361104895,
          0.491577437921, -2.6361104895],
         [0.563843963708, 5.55111512313e-17, 1.6361104895, 0.927733474212,
          -2.1999544532, -0.927733474212],
         [-1.6361104895, 0.0, -0.563843963708, 0.927733474212, 2.1999544532,
          -0.927733474212],
         [0.0722665257879, -1.11022302463e-16, 1.6361104895, 0.436156036292,
          -1.70837701528, -0.436156036292],
         [-1.6361104895, -2.77555756156e-17, -0.0722665257879,
          0.436156036292, 1.70837701528, -0.436156036292]], dtype=object), 'FE1_D10': array([[0.563843963708, 1.6361104895, 0.0, 0.927733474212, -0.927733474212,
          -2.1999544532],
         [0.0722665257879, 1.6361104895, 0.0, 0.436156036292,
          -0.436156036292, -1.70837701528],
         [0.563843963708, -0.0722665257879, 0.0, 2.6361104895, -2.6361104895,
          -0.491577437921],
         [-1.6361104895, -0.0722665257879, 0.0, 0.436156036292,
          -0.436156036292, 1.70837701528],
         [0.0722665257879, -0.563843963708, 0.0, 2.6361104895, -2.6361104895,
          0.491577437921],
         [-1.6361104895, -0.563843963708, 0.0, 0.927733474212,
          -0.927733474212, 2.1999544532]], dtype=object), 'FE0': array([[0.109039009073, 0.659027622374, 0.231933368553],
         [0.231933368553, 0.659027622374, 0.109039009073],
         [0.109039009073, 0.231933368553, 0.659027622374],
         [0.659027622374, 0.231933368553, 0.109039009073],
         [0.231933368553, 0.109039009073, 0.659027622374],
         [0.659027622374, 0.109039009073, 0.231933368553]], dtype=object), 'FE1': array([[-0.0852599980737, 0.20960719173, -0.124347193656, 0.611401985707,
          0.101159138712, 0.287438875581],
         [-0.124347193656, 0.20960719173, -0.0852599980737, 0.287438875581,
          0.101159138712, 0.611401985707],
         [-0.0852599980737, -0.124347193656, 0.20960719173, 0.611401985707,
          0.287438875581, 0.101159138712],
         [0.20960719173, -0.124347193656, -0.0852599980737, 0.101159138712,
          0.287438875581, 0.611401985707],
         [-0.124347193656, -0.0852599980737, 0.20960719173, 0.287438875581,
          0.611401985707, 0.101159138712],
         [0.20960719173, -0.0852599980737, -0.124347193656, 0.101159138712,
          0.611401985707, 0.287438875581]], dtype=object)}
  
  tables: {'FE0_D10': array([[-1.0, 1.0, 0.0],
         [-1.0, 1.0, 0.0],
         [-1.0, 1.0, 0.0],
         [-1.0, 1.0, 0.0],
         [-1.0, 1.0, 0.0],
         [-1.0, 1.0, 0.0]], dtype=object), 'FE0_D01': array([[-1.0, 1.11022302463e-16, 1.0],
         [-1.0, 1.11022302463e-16, 1.0],
         [-1.0, 1.11022302463e-16, 1.0],
         [-1.0, 1.11022302463e-16, 1.0],
         [-1.0, 1.11022302463e-16, 1.0],
         [-1.0, 1.11022302463e-16, 1.0]], dtype=object), 'FE1_D01': array([[0.563843963708, 1.11022302463e-16, -0.0722665257879, 2.6361104895,
          -0.491577437921, -2.6361104895],
         [0.0722665257879, 0.0, -0.563843963708, 2.6361104895,
          0.491577437921, -2.6361104895],
         [0.563843963708, 5.55111512313e-17, 1.6361104895, 0.927733474212,
          -2.1999544532, -0.927733474212],
         [-1.6361104895, 0.0, -0.563843963708, 0.927733474212, 2.1999544532,
          -0.927733474212],
         [0.0722665257879, -1.11022302463e-16, 1.6361104895, 0.436156036292,
          -1.70837701528, -0.436156036292],
         [-1.6361104895, -2.77555756156e-17, -0.0722665257879,
          0.436156036292, 1.70837701528, -0.436156036292]], dtype=object), 'FE1_D10': array([[0.563843963708, 1.6361104895, 0.0, 0.927733474212, -0.927733474212,
          -2.1999544532],
         [0.0722665257879, 1.6361104895, 0.0, 0.436156036292,
          -0.436156036292, -1.70837701528],
         [0.563843963708, -0.0722665257879, 0.0, 2.6361104895, -2.6361104895,
          -0.491577437921],
         [-1.6361104895, -0.0722665257879, 0.0, 0.436156036292,
          -0.436156036292, 1.70837701528],
         [0.0722665257879, -0.563843963708, 0.0, 2.6361104895, -2.6361104895,
          0.491577437921],
         [-1.6361104895, -0.563843963708, 0.0, 0.927733474212,
          -0.927733474212, 2.1999544532]], dtype=object), 'FE0': array([[0.109039009073, 0.659027622374, 0.231933368553],
         [0.231933368553, 0.659027622374, 0.109039009073],
         [0.109039009073, 0.231933368553, 0.659027622374],
         [0.659027622374, 0.231933368553, 0.109039009073],
         [0.231933368553, 0.109039009073, 0.659027622374],
         [0.659027622374, 0.109039009073, 0.231933368553]], dtype=object), 'FE1': array([[-0.0852599980737, 0.20960719173, -0.124347193656, 0.611401985707,
          0.101159138712, 0.287438875581],
         [-0.124347193656, 0.20960719173, -0.0852599980737, 0.287438875581,
          0.101159138712, 0.611401985707],
         [-0.0852599980737, -0.124347193656, 0.20960719173, 0.611401985707,
          0.287438875581, 0.101159138712],
         [0.20960719173, -0.124347193656, -0.0852599980737, 0.101159138712,
          0.287438875581, 0.611401985707],
         [-0.124347193656, -0.0852599980737, 0.20960719173, 0.287438875581,
          0.611401985707, 0.101159138712],
         [0.20960719173, -0.0852599980737, -0.124347193656, 0.101159138712,
          0.611401985707, 0.287438875581]], dtype=object)}
  
  name_map: {}
  
  inv_name_map: {'FE0_D10': 'FE0_D10', 'FE0_D01': 'FE0_D01', 'FE1_D01': 'FE1_D01', 'FE1_D10': 'FE1_D10', 'FE0': 'FE0', 'FE1': 'FE1'}
  
  QG-utils, psi_tables, unique_tables:
  {'FE0_D01': array([[-1.0, 1.0],
         [-1.0, 1.0],
         [-1.0, 1.0],
         [-1.0, 1.0],
         [-1.0, 1.0],
         [-1.0, 1.0]], dtype=object), 'FE1_D01': array([[0.563843963708, -0.0722665257879, 2.6361104895, -0.491577437921,
          -2.6361104895],
         [0.0722665257879, -0.563843963708, 2.6361104895, 0.491577437921,
          -2.6361104895],
         [0.563843963708, 1.6361104895, 0.927733474212, -2.1999544532,
          -0.927733474212],
         [-1.6361104895, -0.563843963708, 0.927733474212, 2.1999544532,
          -0.927733474212],
         [0.0722665257879, 1.6361104895, 0.436156036292, -1.70837701528,
          -0.436156036292],
         [-1.6361104895, -0.0722665257879, 0.436156036292, 1.70837701528,
          -0.436156036292]], dtype=object), 'FE1_D10': array([[0.563843963708, 1.6361104895, 0.927733474212, -0.927733474212,
          -2.1999544532],
         [0.0722665257879, 1.6361104895, 0.436156036292, -0.436156036292,
          -1.70837701528],
         [0.563843963708, -0.0722665257879, 2.6361104895, -2.6361104895,
          -0.491577437921],
         [-1.6361104895, -0.0722665257879, 0.436156036292, -0.436156036292,
          1.70837701528],
         [0.0722665257879, -0.563843963708, 2.6361104895, -2.6361104895,
          0.491577437921],
         [-1.6361104895, -0.563843963708, 0.927733474212, -0.927733474212,
          2.1999544532]], dtype=object), 'FE0': array([[0.109039009073, 0.659027622374, 0.231933368553],
         [0.231933368553, 0.659027622374, 0.109039009073],
         [0.109039009073, 0.231933368553, 0.659027622374],
         [0.659027622374, 0.231933368553, 0.109039009073],
         [0.231933368553, 0.109039009073, 0.659027622374],
         [0.659027622374, 0.109039009073, 0.231933368553]], dtype=object), 'FE1': array([[-0.0852599980737, 0.20960719173, -0.124347193656, 0.611401985707,
          0.101159138712, 0.287438875581],
         [-0.124347193656, 0.20960719173, -0.0852599980737, 0.287438875581,
          0.101159138712, 0.611401985707],
         [-0.0852599980737, -0.124347193656, 0.20960719173, 0.611401985707,
          0.287438875581, 0.101159138712],
         [0.20960719173, -0.124347193656, -0.0852599980737, 0.101159138712,
          0.287438875581, 0.611401985707],
         [-0.124347193656, -0.0852599980737, 0.20960719173, 0.287438875581,
          0.611401985707, 0.101159138712],
         [0.20960719173, -0.0852599980737, -0.124347193656, 0.101159138712,
          0.611401985707, 0.287438875581]], dtype=object)}
  
  QG-utils, psi_tables, name_map:
  {'FE0_D10': ('FE0_D01', (1, [0, 1]), False, False), 'FE0_D01': ('FE0_D01', (0, [0, 2]), False, False), 'FE1_D01': ('FE1_D01', (2, [0, 2, 3, 4, 5]), False, False), 'FE1_D10': ('FE1_D10', (3, [0, 1, 3, 4, 5]), False, False), 'FE0': ('FE0', (), False, False), 'FE1': ('FE1', (), False, False)}
  Transforming cell integral
  Reusing element from cache
  Reusing element from cache
  Reusing element from cache
  Reusing element from cache
  Reusing element from cache
  Reusing element from cache
  Reusing element from cache
  Reusing element from cache
  Reusing element from cache
  Reusing element from cache
  Reusing element from cache
  Reusing element from cache
  Computing tensor representation
  Extracting monomial form representation from UFL form
  Reusing monomial integrand from cache
  Transforming monomial form to reference element
  Precomputing integrals on reference element
  Reusing element from cache
  Reusing element from cache
  18 entries computed in 0.00323 seconds
  Shape of reference tensor: (3, 6)
  Primary multi index:   rank = 0 dims = [] indices = [[]]
  Secondary multi index: rank = 2 dims = [3, 6] indices = [[0, 0], [0, 1], [0, 2], [0, 3], [0, 4], [0, 5], [1, 0], [1, 1], [1, 2], [1, 3], [1, 4], [1, 5], [2, 0], [2, 1], [2, 2], [2, 3], [2, 4], [2, 5]]
  Internal multi index:  rank = 0 dims = [] indices = [[]]
  Secondary multi index: rank = 2 dims = [3, 6] indices = [[0, 0], [0, 1], [0, 2], [0, 3], [0, 4], [0, 5], [1, 0], [1, 1], [1, 2], [1, 3], [1, 4], [1, 5], [2, 0], [2, 1], [2, 2], [2, 3], [2, 4], [2, 5]]
  External multi index:  rank = 0 dims = [] indices = [[]]
  Precomputing integrals on reference element
  Reusing element from cache
  Reusing element from cache
  18 entries computed in 0.00278 seconds
  Shape of reference tensor: (3, 6)
  Primary multi index:   rank = 0 dims = [] indices = [[]]
  Secondary multi index: rank = 2 dims = [3, 6] indices = [[0, 0], [0, 1], [0, 2], [0, 3], [0, 4], [0, 5], [1, 0], [1, 1], [1, 2], [1, 3], [1, 4], [1, 5], [2, 0], [2, 1], [2, 2], [2, 3], [2, 4], [2, 5]]
  Internal multi index:  rank = 0 dims = [] indices = [[]]
  Secondary multi index: rank = 2 dims = [3, 6] indices = [[0, 0], [0, 1], [0, 2], [0, 3], [0, 4], [0, 5], [1, 0], [1, 1], [1, 2], [1, 3], [1, 4], [1, 5], [2, 0], [2, 1], [2, 2], [2, 3], [2, 4], [2, 5]]
  External multi index:  rank = 0 dims = [] indices = [[]]
  Precomputing integrals on reference element
  Reusing element from cache
  Reusing element from cache
  18 entries computed in 0.00283 seconds
  Shape of reference tensor: (3, 6)
  Primary multi index:   rank = 0 dims = [] indices = [[]]
  Secondary multi index: rank = 2 dims = [3, 6] indices = [[0, 0], [0, 1], [0, 2], [0, 3], [0, 4], [0, 5], [1, 0], [1, 1], [1, 2], [1, 3], [1, 4], [1, 5], [2, 0], [2, 1], [2, 2], [2, 3], [2, 4], [2, 5]]
  Internal multi index:  rank = 0 dims = [] indices = [[]]
  Secondary multi index: rank = 2 dims = [3, 6] indices = [[0, 0], [0, 1], [0, 2], [0, 3], [0, 4], [0, 5], [1, 0], [1, 1], [1, 2], [1, 3], [1, 4], [1, 5], [2, 0], [2, 1], [2, 2], [2, 3], [2, 4], [2, 5]]
  External multi index:  rank = 0 dims = [] indices = [[]]
  Computing tensor representation
  Extracting monomial form representation from UFL form
  Reusing monomial integrand from cache
  Transforming monomial form to reference element
  Precomputing integrals on reference element
  Reusing element from cache
  Reusing element from cache
  9 entries computed in 0.00569 seconds
  Shape of reference tensor: (3, 3, 1)
  Primary multi index:   rank = 2 dims = [3, 3] indices = [[0, 0], [0, 1], [0, 2], [1, 0], [1, 1], [1, 2], [2, 0], [2, 1], [2, 2]]
  Secondary multi index: rank = 1 dims = [1] indices = [[0]]
  Internal multi index:  rank = 0 dims = [] indices = [[]]
  Secondary multi index: rank = 1 dims = [1] indices = [[0]]
  External multi index:  rank = 0 dims = [] indices = [[]]
  Computing quadrature representation
  Reusing element from cache
  Reusing element from cache
  Reusing element from cache
  Reusing element from cache
  
  QG-utils, psi_tables:
  {7: {FiniteElement('Bubble', Cell('triangle', Space(2)), 3, None): {None: {(0, 1): array([[-2.77555756156e-16, 3.21964677141e-15, -1.9037602159, 1.9037602159,
          -1.22124532709e-15, 5.20988266488, -5.20988266488]], dtype=object), (1, 0): array([[4.90770463059e-16, -1.9037602159, 3.02976392448e-15, 1.9037602159,
          5.20988266488, -5.88564282095e-17, -5.20988266488]], dtype=object), (0, 0): array([[1.0, 0.220880757792, 0.220880757792, 0.220880757792,
          0.356378717426, 0.356378717426, 0.356378717426]], dtype=object)}}, FiniteElement('Lagrange', Cell('triangle', Space(2)), 1, None): {None: {(0, 1): array([[-1.0, -1.0, -1.0, -1.0, -1.0, -1.0, -1.0],
         [0.0, 0.0, 0.0, 0.0, 0.0, 0.0, 0.0],
         [1.0, 1.0, 1.0, 1.0, 1.0, 1.0, 1.0]], dtype=object), (1, 0): array([[-1.0, -1.0, -1.0, -1.0, -1.0, -1.0, -1.0],
         [1.0, 1.0, 1.0, 1.0, 1.0, 1.0, 1.0],
         [0.0, 0.0, 0.0, 0.0, 0.0, 0.0, 0.0]], dtype=object), (0, 0): array([[0.333333333333, 0.101286507323, 0.101286507323, 0.797426985353,
          0.470142064105, 0.470142064105, 0.0597158717898],
         [0.333333333333, 0.797426985353, 0.101286507323, 0.101286507323,
          0.0597158717898, 0.470142064105, 0.470142064105],
         [0.333333333333, 0.101286507323, 0.797426985353, 0.101286507323,
          0.470142064105, 0.0597158717898, 0.470142064105]], dtype=object)}}, FiniteElement('Discontinuous Lagrange', Cell('triangle', Space(2)), 1, None): {None: {(0, 1): array([[-1.0, -1.0, -1.0, -1.0, -1.0, -1.0, -1.0],
         [0.0, 0.0, 0.0, 0.0, 0.0, 0.0, 0.0],
         [1.0, 1.0, 1.0, 1.0, 1.0, 1.0, 1.0]], dtype=object), (1, 0): array([[-1.0, -1.0, -1.0, -1.0, -1.0, -1.0, -1.0],
         [1.0, 1.0, 1.0, 1.0, 1.0, 1.0, 1.0],
         [0.0, 0.0, 0.0, 0.0, 0.0, 0.0, 0.0]], dtype=object), (0, 0): array([[0.333333333333, 0.101286507323, 0.101286507323, 0.797426985353,
          0.470142064105, 0.470142064105, 0.0597158717898],
         [0.333333333333, 0.797426985353, 0.101286507323, 0.101286507323,
          0.0597158717898, 0.470142064105, 0.470142064105],
         [0.333333333333, 0.101286507323, 0.797426985353, 0.101286507323,
          0.470142064105, 0.0597158717898, 0.470142064105]], dtype=object)}}}}
  
  QG-utils, psi_tables, flat_tables:
  {'FE0_D10': array([[4.90770463059e-16],
         [-1.9037602159],
         [3.02976392448e-15],
         [1.9037602159],
         [5.20988266488],
         [-5.88564282095e-17],
         [-5.20988266488]], dtype=object), 'FE0_D01': array([[-2.77555756156e-16],
         [3.21964677141e-15],
         [-1.9037602159],
         [1.9037602159],
         [-1.22124532709e-15],
         [5.20988266488],
         [-5.20988266488]], dtype=object), 'FE1_D01': array([[-1.0, 0.0, 1.0],
         [-1.0, 0.0, 1.0],
         [-1.0, 0.0, 1.0],
         [-1.0, 0.0, 1.0],
         [-1.0, 0.0, 1.0],
         [-1.0, 0.0, 1.0],
         [-1.0, 0.0, 1.0]], dtype=object), 'FE2': array([[0.333333333333, 0.333333333333, 0.333333333333],
         [0.101286507323, 0.797426985353, 0.101286507323],
         [0.101286507323, 0.101286507323, 0.797426985353],
         [0.797426985353, 0.101286507323, 0.101286507323],
         [0.470142064105, 0.0597158717898, 0.470142064105],
         [0.470142064105, 0.470142064105, 0.0597158717898],
         [0.0597158717898, 0.470142064105, 0.470142064105]], dtype=object), 'FE1_D10': array([[-1.0, 1.0, 0.0],
         [-1.0, 1.0, 0.0],
         [-1.0, 1.0, 0.0],
         [-1.0, 1.0, 0.0],
         [-1.0, 1.0, 0.0],
         [-1.0, 1.0, 0.0],
         [-1.0, 1.0, 0.0]], dtype=object), 'FE0': array([[1.0],
         [0.220880757792],
         [0.220880757792],
         [0.220880757792],
         [0.356378717426],
         [0.356378717426],
         [0.356378717426]], dtype=object), 'FE1': array([[0.333333333333, 0.333333333333, 0.333333333333],
         [0.101286507323, 0.797426985353, 0.101286507323],
         [0.101286507323, 0.101286507323, 0.797426985353],
         [0.797426985353, 0.101286507323, 0.101286507323],
         [0.470142064105, 0.0597158717898, 0.470142064105],
         [0.470142064105, 0.470142064105, 0.0597158717898],
         [0.0597158717898, 0.470142064105, 0.470142064105]], dtype=object), 'FE2_D10': array([[-1.0, 1.0, 0.0],
         [-1.0, 1.0, 0.0],
         [-1.0, 1.0, 0.0],
         [-1.0, 1.0, 0.0],
         [-1.0, 1.0, 0.0],
         [-1.0, 1.0, 0.0],
