This is FFC, the FEniCS Form Compiler, version 0.9.10.
For further information, visit http://www.fenics.org/ffc/.

Compiling form EnergyNorm

Compiler stage 1: Analyzing form(s)
-----------------------------------
  
  Name:                             'M'
  Rank:                             0
  Cell:                             <triangle cell in R2>
  Topological dimension:            2
  Geometric dimension:              2
  Number of facets:                 3
  Number of coefficients:           1
  Number of cell domains:           1
  Number of exterior facet domains: 0
  Number or interior facet domains: 0
  Number of macro cell domains:     0
  Number of surface domains:        0
  Arguments:                        '[]'
  Coefficients:                     '[w_0]'
  Argument names:                   '[]'
  Coefficient names:                '[v]'
  Unique elements:                  'CG2(?)'
  Unique sub elements:              'CG2(?)'
  
  Extracting monomial form representation from UFL form
  Transforming monomial form to reference element
  Reusing element from cache
  Reusing element from cache
  Reusing element from cache
  Estimated cost of tensor representation: 4
  representation:    auto --> quadrature
  Selecting quadrature degree based on total polynomial degree of integrand: 4
  quadrature_degree: auto --> 4
  quadrature_rule:   auto --> default
  
Compiler stage 1 finished in 0.0363541 seconds.

Compiler stage 2: Computing intermediate representation
-------------------------------------------------------
  Computing representation of 1 elements
  Reusing element from cache
  Computing representation of 1 dofmaps
  Reusing element from cache
  Computing representation of integrals
  Computing quadrature representation
  Reusing element from cache
  
  QG-utils, psi_tables:
  {6: {FiniteElement('Lagrange', Cell('triangle', Space(2)), 2, None): {None: {(0, 1): array([[0.633695145961, 0.633695145961, -2.26739029192, -0.783793963664,
          -0.783793963664, 0.567587927328],
         [0.0, 1.11022302463e-16, 3.33066907388e-16, -9.71445146547e-17,
          -1.11022302463e-16, 1.5959455979e-16],
         [-0.633695145961, 2.26739029192, -0.633695145961, 0.783793963664,
          -0.567587927328, 0.783793963664],
         [3.26739029192, 0.366304854039, 0.366304854039, 0.432412072672,
          1.78379396366, 1.78379396366],
         [-2.6645352591e-15, -2.90108543788, 2.90108543788,
          1.94289029309e-16, 1.35138189099, -1.35138189099],
         [-3.26739029192, -0.366304854039, -0.366304854039, -0.432412072672,
          -1.78379396366, -1.78379396366]], dtype=object), (1, 0): array([[0.633695145961, 0.633695145961, -2.26739029192, -0.783793963664,
          -0.783793963664, 0.567587927328],
         [2.26739029192, -0.633695145961, -0.633695145961, -0.567587927328,
          0.783793963664, 0.783793963664],
         [0.0, 0.0, 0.0, 0.0, 0.0, 0.0],
         [0.366304854039, 3.26739029192, 0.366304854039, 1.78379396366,
          0.432412072672, 1.78379396366],
         [-0.366304854039, -3.26739029192, -0.366304854039, -1.78379396366,
          -0.432412072672, -1.78379396366],
         [-2.90108543788, -3.83550991463e-15, 2.90108543788, 1.35138189099,
          -6.22256055681e-17, -1.35138189099]], dtype=object), (0, 0): array([[-0.0748038077482, -0.0748038077482, 0.517632341988,
          -0.0482083778155, -0.0482083778155, -0.084730493094],
         [0.517632341988, -0.0748038077482, -0.0748038077482,
          -0.084730493094, -0.0482083778155, -0.0482083778155],
         [-0.0748038077482, 0.517632341988, -0.0748038077482,
          -0.0482083778155, -0.084730493094, -0.0482083778155],
         [0.299215230993, 0.299215230993, 0.0335448115231, 0.192833511262,
          0.192833511262, 0.795480226201],
         [0.0335448115231, 0.299215230993, 0.299215230993, 0.795480226201,
          0.192833511262, 0.192833511262],
         [0.299215230993, 0.0335448115231, 0.299215230993, 0.192833511262,
          0.795480226201, 0.192833511262]], dtype=object)}}}}
  
  QG-utils, psi_tables, flat_tables:
  {'FE0_D10': array([[0.633695145961, 2.26739029192, 0.0, 0.366304854039,
          -0.366304854039, -2.90108543788],
         [0.633695145961, -0.633695145961, 0.0, 3.26739029192,
          -3.26739029192, -3.83550991463e-15],
         [-2.26739029192, -0.633695145961, 0.0, 0.366304854039,
          -0.366304854039, 2.90108543788],
         [-0.783793963664, -0.567587927328, 0.0, 1.78379396366,
          -1.78379396366, 1.35138189099],
         [-0.783793963664, 0.783793963664, 0.0, 0.432412072672,
          -0.432412072672, -6.22256055681e-17],
         [0.567587927328, 0.783793963664, 0.0, 1.78379396366, -1.78379396366,
          -1.35138189099]], dtype=object), 'FE0_D01': array([[0.633695145961, 0.0, -0.633695145961, 3.26739029192,
          -2.6645352591e-15, -3.26739029192],
         [0.633695145961, 1.11022302463e-16, 2.26739029192, 0.366304854039,
          -2.90108543788, -0.366304854039],
         [-2.26739029192, 3.33066907388e-16, -0.633695145961, 0.366304854039,
          2.90108543788, -0.366304854039],
         [-0.783793963664, -9.71445146547e-17, 0.783793963664,
          0.432412072672, 1.94289029309e-16, -0.432412072672],
         [-0.783793963664, -1.11022302463e-16, -0.567587927328,
          1.78379396366, 1.35138189099, -1.78379396366],
         [0.567587927328, 1.5959455979e-16, 0.783793963664, 1.78379396366,
          -1.35138189099, -1.78379396366]], dtype=object), 'FE0': array([[-0.0748038077482, 0.517632341988, -0.0748038077482, 0.299215230993,
          0.0335448115231, 0.299215230993],
         [-0.0748038077482, -0.0748038077482, 0.517632341988, 0.299215230993,
          0.299215230993, 0.0335448115231],
         [0.517632341988, -0.0748038077482, -0.0748038077482,
          0.0335448115231, 0.299215230993, 0.299215230993],
         [-0.0482083778155, -0.084730493094, -0.0482083778155,
          0.192833511262, 0.795480226201, 0.192833511262],
         [-0.0482083778155, -0.0482083778155, -0.084730493094,
          0.192833511262, 0.192833511262, 0.795480226201],
         [-0.084730493094, -0.0482083778155, -0.0482083778155,
          0.795480226201, 0.192833511262, 0.192833511262]], dtype=object)}
  
  tables: {'FE0_D10': array([[0.633695145961, 2.26739029192, 0.0, 0.366304854039,
          -0.366304854039, -2.90108543788],
         [0.633695145961, -0.633695145961, 0.0, 3.26739029192,
          -3.26739029192, -3.83550991463e-15],
         [-2.26739029192, -0.633695145961, 0.0, 0.366304854039,
          -0.366304854039, 2.90108543788],
         [-0.783793963664, -0.567587927328, 0.0, 1.78379396366,
          -1.78379396366, 1.35138189099],
         [-0.783793963664, 0.783793963664, 0.0, 0.432412072672,
          -0.432412072672, -6.22256055681e-17],
         [0.567587927328, 0.783793963664, 0.0, 1.78379396366, -1.78379396366,
          -1.35138189099]], dtype=object), 'FE0_D01': array([[0.633695145961, 0.0, -0.633695145961, 3.26739029192,
          -2.6645352591e-15, -3.26739029192],
         [0.633695145961, 1.11022302463e-16, 2.26739029192, 0.366304854039,
          -2.90108543788, -0.366304854039],
         [-2.26739029192, 3.33066907388e-16, -0.633695145961, 0.366304854039,
          2.90108543788, -0.366304854039],
         [-0.783793963664, -9.71445146547e-17, 0.783793963664,
          0.432412072672, 1.94289029309e-16, -0.432412072672],
         [-0.783793963664, -1.11022302463e-16, -0.567587927328,
          1.78379396366, 1.35138189099, -1.78379396366],
         [0.567587927328, 1.5959455979e-16, 0.783793963664, 1.78379396366,
          -1.35138189099, -1.78379396366]], dtype=object), 'FE0': array([[-0.0748038077482, 0.517632341988, -0.0748038077482, 0.299215230993,
          0.0335448115231, 0.299215230993],
         [-0.0748038077482, -0.0748038077482, 0.517632341988, 0.299215230993,
          0.299215230993, 0.0335448115231],
         [0.517632341988, -0.0748038077482, -0.0748038077482,
          0.0335448115231, 0.299215230993, 0.299215230993],
         [-0.0482083778155, -0.084730493094, -0.0482083778155,
          0.192833511262, 0.795480226201, 0.192833511262],
         [-0.0482083778155, -0.0482083778155, -0.084730493094,
          0.192833511262, 0.192833511262, 0.795480226201],
         [-0.084730493094, -0.0482083778155, -0.0482083778155,
          0.795480226201, 0.192833511262, 0.192833511262]], dtype=object)}
  
  name_map: {}
  
  inv_name_map: {'FE0_D10': 'FE0_D10', 'FE0_D01': 'FE0_D01', 'FE0': 'FE0'}
  
  QG-utils, psi_tables, unique_tables:
  {'FE0_D10': array([[0.633695145961, 2.26739029192, 0.366304854039, -0.366304854039,
          -2.90108543788],
         [0.633695145961, -0.633695145961, 3.26739029192, -3.26739029192, 0],
         [-2.26739029192, -0.633695145961, 0.366304854039, -0.366304854039,
          2.90108543788],
         [-0.783793963664, -0.567587927328, 1.78379396366, -1.78379396366,
          1.35138189099],
         [-0.783793963664, 0.783793963664, 0.432412072672, -0.432412072672, 0],
         [0.567587927328, 0.783793963664, 1.78379396366, -1.78379396366,
          -1.35138189099]], dtype=object), 'FE0_D01': array([[0.633695145961, -0.633695145961, 3.26739029192, 0, -3.26739029192],
         [0.633695145961, 2.26739029192, 0.366304854039, -2.90108543788,
          -0.366304854039],
         [-2.26739029192, -0.633695145961, 0.366304854039, 2.90108543788,
          -0.366304854039],
         [-0.783793963664, 0.783793963664, 0.432412072672, 0, -0.432412072672],
         [-0.783793963664, -0.567587927328, 1.78379396366, 1.35138189099,
          -1.78379396366],
         [0.567587927328, 0.783793963664, 1.78379396366, -1.35138189099,
          -1.78379396366]], dtype=object), 'FE0': array([[-0.0748038077482, 0.517632341988, -0.0748038077482, 0.299215230993,
          0.0335448115231, 0.299215230993],
         [-0.0748038077482, -0.0748038077482, 0.517632341988, 0.299215230993,
          0.299215230993, 0.0335448115231],
         [0.517632341988, -0.0748038077482, -0.0748038077482,
          0.0335448115231, 0.299215230993, 0.299215230993],
         [-0.0482083778155, -0.084730493094, -0.0482083778155,
          0.192833511262, 0.795480226201, 0.192833511262],
         [-0.0482083778155, -0.0482083778155, -0.084730493094,
          0.192833511262, 0.192833511262, 0.795480226201],
         [-0.084730493094, -0.0482083778155, -0.0482083778155,
          0.795480226201, 0.192833511262, 0.192833511262]], dtype=object)}
  
  QG-utils, psi_tables, name_map:
  {'FE0_D10': ('FE0_D10', (1, [0, 1, 3, 4, 5]), False, False), 'FE0_D01': ('FE0_D01', (0, [0, 2, 3, 4, 5]), False, False), 'FE0': ('FE0', (), False, False)}
  Transforming cell integral
  Reusing element from cache
  Reusing element from cache
  Reusing element from cache
  Reusing element from cache
  Reusing element from cache
  Reusing element from cache
  Reusing element from cache
  Reusing element from cache
  Reusing element from cache
  Reusing element from cache
  Computing representation of forms
  
Compiler stage 2 finished in 0.0334909 seconds.

Compiler stage 3: Optimizing intermediate representation
--------------------------------------------------------
  Optimising expressions for cell integral
  
Compiler stage 3 finished in 0.00265694 seconds.

Compiler stage 4: Generating code
---------------------------------
  Generating code for 1 elements
  Removing unused variable: K_11
  Removing unused variable: K_10
  Removing unused variable: K_01
  Removing unused variable: K_00
  Generating code for 1 dofmaps
  Generating code for integrals
  Removing unused variable: circumradius
  Removing unused variable: v0v1
  Removing unused variable: v0v2
  Removing unused variable: v1v2
  Removing unused variable: volume
  Cell, number of operations to compute tensor: 277
  Generating code for forms
  
Compiler stage 4 finished in 0.254379 seconds.

Compiler stage 4.1: Generating additional wrapper code
------------------------------------------------------
  Generating wrapper code for DOLFIN
  
Compiler stage 4.1 finished in 0.002213 seconds.

Compiler stage 5: Formatting code
---------------------------------
  Output written to ./EnergyNorm.h.
  
Compiler stage 5 finished in 0.00141621 seconds.

[1;37;32mFFC finished in 0.331097 seconds.[0m
This is FFC, the FEniCS Form Compiler, version 0.9.10.
For further information, visit http://www.fenics.org/ffc/.

Compiling form EnergyNorm

Compiler stage 1: Analyzing form(s)
-----------------------------------
  
  Name:                             'M'
  Rank:                             0
  Cell:                             <triangle cell in R2>
  Topological dimension:            2
  Geometric dimension:              2
  Number of facets:                 3
  Number of coefficients:           1
  Number of cell domains:           1
  Number of exterior facet domains: 0
  Number or interior facet domains: 0
  Number of macro cell domains:     0
  Number of surface domains:        0
  Arguments:                        '[]'
  Coefficients:                     '[w_0]'
  Argument names:                   '[]'
  Coefficient names:                '[v]'
  Unique elements:                  'CG2(?)'
  Unique sub elements:              'CG2(?)'
  
  Extracting monomial form representation from UFL form
  Transforming monomial form to reference element
  Reusing element from cache
  Reusing element from cache
  Reusing element from cache
  Estimated cost of tensor representation: 4
  representation:    auto --> quadrature
  Selecting quadrature degree based on total polynomial degree of integrand: 4
  quadrature_degree: auto --> 4
  quadrature_rule:   auto --> default
  
Compiler stage 1 finished in 0.0358281 seconds.

Compiler stage 2: Computing intermediate representation
-------------------------------------------------------
  Computing representation of 1 elements
  Reusing element from cache
  Computing representation of 1 dofmaps
  Reusing element from cache
  Computing representation of integrals
  Computing quadrature representation
  Reusing element from cache
  
  QG-utils, psi_tables:
  {6: {FiniteElement('Lagrange', Cell('triangle', Space(2)), 2, None): {None: {(0, 1): array([[0.633695145961, 0.633695145961, -2.26739029192, -0.783793963664,
          -0.783793963664, 0.567587927328],
         [0.0, 1.11022302463e-16, 3.33066907388e-16, -9.71445146547e-17,
          -1.11022302463e-16, 1.5959455979e-16],
         [-0.633695145961, 2.26739029192, -0.633695145961, 0.783793963664,
          -0.567587927328, 0.783793963664],
         [3.26739029192, 0.366304854039, 0.366304854039, 0.432412072672,
          1.78379396366, 1.78379396366],
         [-2.6645352591e-15, -2.90108543788, 2.90108543788,
          1.94289029309e-16, 1.35138189099, -1.35138189099],
         [-3.26739029192, -0.366304854039, -0.366304854039, -0.432412072672,
          -1.78379396366, -1.78379396366]], dtype=object), (1, 0): array([[0.633695145961, 0.633695145961, -2.26739029192, -0.783793963664,
          -0.783793963664, 0.567587927328],
         [2.26739029192, -0.633695145961, -0.633695145961, -0.567587927328,
          0.783793963664, 0.783793963664],
         [0.0, 0.0, 0.0, 0.0, 0.0, 0.0],
         [0.366304854039, 3.26739029192, 0.366304854039, 1.78379396366,
          0.432412072672, 1.78379396366],
         [-0.366304854039, -3.26739029192, -0.366304854039, -1.78379396366,
          -0.432412072672, -1.78379396366],
         [-2.90108543788, -3.83550991463e-15, 2.90108543788, 1.35138189099,
          -6.22256055681e-17, -1.35138189099]], dtype=object), (0, 0): array([[-0.0748038077482, -0.0748038077482, 0.517632341988,
          -0.0482083778155, -0.0482083778155, -0.084730493094],
         [0.517632341988, -0.0748038077482, -0.0748038077482,
          -0.084730493094, -0.0482083778155, -0.0482083778155],
         [-0.0748038077482, 0.517632341988, -0.0748038077482,
          -0.0482083778155, -0.084730493094, -0.0482083778155],
         [0.299215230993, 0.299215230993, 0.0335448115231, 0.192833511262,
          0.192833511262, 0.795480226201],
         [0.0335448115231, 0.299215230993, 0.299215230993, 0.795480226201,
          0.192833511262, 0.192833511262],
         [0.299215230993, 0.0335448115231, 0.299215230993, 0.192833511262,
          0.795480226201, 0.192833511262]], dtype=object)}}}}
  
  QG-utils, psi_tables, flat_tables:
  {'FE0_D10': array([[0.633695145961, 2.26739029192, 0.0, 0.366304854039,
          -0.366304854039, -2.90108543788],
         [0.633695145961, -0.633695145961, 0.0, 3.26739029192,
          -3.26739029192, -3.83550991463e-15],
         [-2.26739029192, -0.633695145961, 0.0, 0.366304854039,
          -0.366304854039, 2.90108543788],
         [-0.783793963664, -0.567587927328, 0.0, 1.78379396366,
          -1.78379396366, 1.35138189099],
         [-0.783793963664, 0.783793963664, 0.0, 0.432412072672,
          -0.432412072672, -6.22256055681e-17],
         [0.567587927328, 0.783793963664, 0.0, 1.78379396366, -1.78379396366,
          -1.35138189099]], dtype=object), 'FE0_D01': array([[0.633695145961, 0.0, -0.633695145961, 3.26739029192,
          -2.6645352591e-15, -3.26739029192],
         [0.633695145961, 1.11022302463e-16, 2.26739029192, 0.366304854039,
          -2.90108543788, -0.366304854039],
         [-2.26739029192, 3.33066907388e-16, -0.633695145961, 0.366304854039,
          2.90108543788, -0.366304854039],
         [-0.783793963664, -9.71445146547e-17, 0.783793963664,
          0.432412072672, 1.94289029309e-16, -0.432412072672],
         [-0.783793963664, -1.11022302463e-16, -0.567587927328,
          1.78379396366, 1.35138189099, -1.78379396366],
         [0.567587927328, 1.5959455979e-16, 0.783793963664, 1.78379396366,
          -1.35138189099, -1.78379396366]], dtype=object), 'FE0': array([[-0.0748038077482, 0.517632341988, -0.0748038077482, 0.299215230993,
          0.0335448115231, 0.299215230993],
         [-0.0748038077482, -0.0748038077482, 0.517632341988, 0.299215230993,
          0.299215230993, 0.0335448115231],
         [0.517632341988, -0.0748038077482, -0.0748038077482,
          0.0335448115231, 0.299215230993, 0.299215230993],
         [-0.0482083778155, -0.084730493094, -0.0482083778155,
          0.192833511262, 0.795480226201, 0.192833511262],
         [-0.0482083778155, -0.0482083778155, -0.084730493094,
          0.192833511262, 0.192833511262, 0.795480226201],
         [-0.084730493094, -0.0482083778155, -0.0482083778155,
          0.795480226201, 0.192833511262, 0.192833511262]], dtype=object)}
  
  tables: {'FE0_D10': array([[0.633695145961, 2.26739029192, 0.0, 0.366304854039,
          -0.366304854039, -2.90108543788],
         [0.633695145961, -0.633695145961, 0.0, 3.26739029192,
          -3.26739029192, -3.83550991463e-15],
         [-2.26739029192, -0.633695145961, 0.0, 0.366304854039,
          -0.366304854039, 2.90108543788],
         [-0.783793963664, -0.567587927328, 0.0, 1.78379396366,
          -1.78379396366, 1.35138189099],
         [-0.783793963664, 0.783793963664, 0.0, 0.432412072672,
          -0.432412072672, -6.22256055681e-17],
         [0.567587927328, 0.783793963664, 0.0, 1.78379396366, -1.78379396366,
          -1.35138189099]], dtype=object), 'FE0_D01': array([[0.633695145961, 0.0, -0.633695145961, 3.26739029192,
          -2.6645352591e-15, -3.26739029192],
         [0.633695145961, 1.11022302463e-16, 2.26739029192, 0.366304854039,
          -2.90108543788, -0.366304854039],
         [-2.26739029192, 3.33066907388e-16, -0.633695145961, 0.366304854039,
          2.90108543788, -0.366304854039],
         [-0.783793963664, -9.71445146547e-17, 0.783793963664,
          0.432412072672, 1.94289029309e-16, -0.432412072672],
         [-0.783793963664, -1.11022302463e-16, -0.567587927328,
          1.78379396366, 1.35138189099, -1.78379396366],
         [0.567587927328, 1.5959455979e-16, 0.783793963664, 1.78379396366,
          -1.35138189099, -1.78379396366]], dtype=object), 'FE0': array([[-0.0748038077482, 0.517632341988, -0.0748038077482, 0.299215230993,
          0.0335448115231, 0.299215230993],
         [-0.0748038077482, -0.0748038077482, 0.517632341988, 0.299215230993,
          0.299215230993, 0.0335448115231],
         [0.517632341988, -0.0748038077482, -0.0748038077482,
          0.0335448115231, 0.299215230993, 0.299215230993],
         [-0.0482083778155, -0.084730493094, -0.0482083778155,
          0.192833511262, 0.795480226201, 0.192833511262],
         [-0.0482083778155, -0.0482083778155, -0.084730493094,
          0.192833511262, 0.192833511262, 0.795480226201],
         [-0.084730493094, -0.0482083778155, -0.0482083778155,
          0.795480226201, 0.192833511262, 0.192833511262]], dtype=object)}
  
  name_map: {}
  
  inv_name_map: {'FE0_D10': 'FE0_D10', 'FE0_D01': 'FE0_D01', 'FE0': 'FE0'}
  
  QG-utils, psi_tables, unique_tables:
  {'FE0_D10': array([[0.633695145961, 2.26739029192, 0.366304854039, -0.366304854039,
          -2.90108543788],
         [0.633695145961, -0.633695145961, 3.26739029192, -3.26739029192, 0],
         [-2.26739029192, -0.633695145961, 0.366304854039, -0.366304854039,
          2.90108543788],
         [-0.783793963664, -0.567587927328, 1.78379396366, -1.78379396366,
          1.35138189099],
         [-0.783793963664, 0.783793963664, 0.432412072672, -0.432412072672, 0],
         [0.567587927328, 0.783793963664, 1.78379396366, -1.78379396366,
          -1.35138189099]], dtype=object), 'FE0_D01': array([[0.633695145961, -0.633695145961, 3.26739029192, 0, -3.26739029192],
         [0.633695145961, 2.26739029192, 0.366304854039, -2.90108543788,
          -0.366304854039],
         [-2.26739029192, -0.633695145961, 0.366304854039, 2.90108543788,
          -0.366304854039],
         [-0.783793963664, 0.783793963664, 0.432412072672, 0, -0.432412072672],
         [-0.783793963664, -0.567587927328, 1.78379396366, 1.35138189099,
          -1.78379396366],
         [0.567587927328, 0.783793963664, 1.78379396366, -1.35138189099,
          -1.78379396366]], dtype=object), 'FE0': array([[-0.0748038077482, 0.517632341988, -0.0748038077482, 0.299215230993,
          0.0335448115231, 0.299215230993],
         [-0.0748038077482, -0.0748038077482, 0.517632341988, 0.299215230993,
          0.299215230993, 0.0335448115231],
         [0.517632341988, -0.0748038077482, -0.0748038077482,
          0.0335448115231, 0.299215230993, 0.299215230993],
         [-0.0482083778155, -0.084730493094, -0.0482083778155,
          0.192833511262, 0.795480226201, 0.192833511262],
         [-0.0482083778155, -0.0482083778155, -0.084730493094,
          0.192833511262, 0.192833511262, 0.795480226201],
         [-0.084730493094, -0.0482083778155, -0.0482083778155,
          0.795480226201, 0.192833511262, 0.192833511262]], dtype=object)}
  
  QG-utils, psi_tables, name_map:
  {'FE0_D10': ('FE0_D10', (1, [0, 1, 3, 4, 5]), False, False), 'FE0_D01': ('FE0_D01', (0, [0, 2, 3, 4, 5]), False, False), 'FE0': ('FE0', (), False, False)}
  Transforming cell integral
  Reusing element from cache
  Reusing element from cache
  Reusing element from cache
  Reusing element from cache
  Reusing element from cache
  Reusing element from cache
  Reusing element from cache
  Reusing element from cache
  Reusing element from cache
  Reusing element from cache
  Computing representation of forms
  
Compiler stage 2 finished in 0.0319281 seconds.

Compiler stage 3: Optimizing intermediate representation
--------------------------------------------------------
  Optimising expressions for cell integral
  
Compiler stage 3 finished in 0.00275111 seconds.

Compiler stage 4: Generating code
---------------------------------
  Generating code for 1 elements
  Removing unused variable: K_11
  Removing unused variable: K_10
  Removing unused variable: K_01
  Removing unused variable: K_00
  Generating code for 1 dofmaps
  Generating code for integrals
  Removing unused variable: circumradius
  Removing unused variable: v0v1
  Removing unused variable: v0v2
  Removing unused variable: v1v2
  Removing unused variable: volume
  Cell, number of operations to compute tensor: 277
  Generating code for forms
  
Compiler stage 4 finished in 0.24364 seconds.

Compiler stage 4.1: Generating additional wrapper code
------------------------------------------------------
  Generating wrapper code for DOLFIN
  
Compiler stage 4.1 finished in 0.00218797 seconds.

Compiler stage 5: Formatting code
---------------------------------
  Output written to ./EnergyNorm.h.
  
Compiler stage 5 finished in 0.00135708 seconds.

[1;37;32mFFC finished in 0.318295 seconds.[0m
