This is FFC, the FEniCS Form Compiler, version 1.3.0.
For further information, visit http://www.fenics.org/ffc/.

Compiling form AdaptivePoisson

Compiler stage 1: Analyzing form(s)
-----------------------------------
  
  Name:                   ''
  Cell:                   <triangle cell in 2D>
  Topological dimension:  2
  Geometric dimension:    2
  Rank:                   2
  Number of coefficients: 0
  Arguments:              '[v_0, v_1]'
  Coefficients:           '[]'
  Argument names:         '[v0, v1]'
  Coefficient names:      '[]'
  Unique elements:        'CG1(?)'
  Unique sub elements:    'CG1(?)'
  Domains:                (Domain(Cell('triangle', 2), 'triangle_multiverse', 2, 2),
                          )
  Top level domains:      (Domain(Cell('triangle', 2), 'triangle_multiverse', 2, 2),
                          )
  
  Extracting monomial form representation from UFL form
  Transforming monomial form to reference element
  Reusing element from cache
  Estimated cost of tensor representation: 2
  representation:    auto --> tensor
  Selecting quadrature degree based on total polynomial degree of integrand: 0
  quadrature_degree: auto --> 0
  quadrature_rule:   auto --> default
  
  Name:                   ''
  Cell:                   <triangle cell in 2D>
  Topological dimension:  2
  Geometric dimension:    2
  Rank:                   1
  Number of coefficients: 0
  Arguments:              '[v_2]'
  Coefficients:           '[]'
  Argument names:         '[v0]'
  Coefficient names:      '[]'
  Unique elements:        'CG1(?)'
  Unique sub elements:    'CG1(?)'
  Domains:                (Domain(Cell('triangle', 2), 'triangle_multiverse', 2, 2),
                          )
  Top level domains:      (Domain(Cell('triangle', 2), 'triangle_multiverse', 2, 2),
                          )
  
  Extracting monomial form representation from UFL form
  Transforming monomial form to reference element
  Reusing element from cache
  Estimated cost of tensor representation: 0
  representation:    auto --> tensor
  Selecting quadrature degree based on total polynomial degree of integrand: 1
  quadrature_degree: auto --> 1
  quadrature_rule:   auto --> default
  
  Name:                   ''
  Cell:                   <triangle cell in 2D>
  Topological dimension:  2
  Geometric dimension:    2
  Rank:                   0
  Number of coefficients: 4
  Arguments:              '[]'
  Coefficients:           '[w_0, w_1, w_2, w_3]'
  Argument names:         '[]'
  Coefficient names:      '[f, g, __discrete_primal_solution, __improved_dual]'
  Unique elements:        'CG1(?), CG2(?)'
  Unique sub elements:    'CG1(?), CG2(?)'
  Domains:                (Domain(Cell('triangle', 2), 'triangle_multiverse', 2, 2),
                          )
  Top level domains:      (Domain(Cell('triangle', 2), 'triangle_multiverse', 2, 2),
                          )
  
  Extracting monomial form representation from UFL form
  Transforming monomial form to reference element
  Reusing element from cache
  Reusing element from cache
  Reusing element from cache
  Estimated cost of tensor representation: 4
  representation:    auto --> quadrature
  Selecting quadrature degree based on total polynomial degree of integrand: 3
  quadrature_degree: auto --> 3
  quadrature_rule:   auto --> default
  Extracting monomial form representation from UFL form
  Transforming monomial form to reference element
  Reusing element from cache
  Reusing element from cache
  Estimated cost of tensor representation: 2
  representation:    auto --> tensor
  Selecting quadrature degree based on total polynomial degree of integrand: 3
  quadrature_degree: auto --> 3
  quadrature_rule:   auto --> default
  
  Name:                   ''
  Cell:                   <triangle cell in 2D>
  Topological dimension:  2
  Geometric dimension:    2
  Rank:                   2
  Number of coefficients: 1
  Arguments:              '[v_{-2}, v_{-1}]'
  Coefficients:           '[w_4]'
  Argument names:         '[v0, v1]'
  Coefficient names:      '[__cell_bubble]'
  Unique elements:        'DG1(?), B3(?)'
  Unique sub elements:    'DG1(?), B3(?)'
  Domains:                (Domain(Cell('triangle', 2), 'triangle_multiverse', 2, 2),
                          )
  Top level domains:      (Domain(Cell('triangle', 2), 'triangle_multiverse', 2, 2),
                          )
  
  Extracting monomial form representation from UFL form
  Transforming monomial form to reference element
  Reusing element from cache
  Estimated cost of tensor representation: 1
  representation:    auto --> tensor
  Selecting quadrature degree based on total polynomial degree of integrand: 5
  quadrature_degree: auto --> 5
  quadrature_rule:   auto --> default
  
  Name:                   ''
  Cell:                   <triangle cell in 2D>
  Topological dimension:  2
  Geometric dimension:    2
  Rank:                   1
  Number of coefficients: 4
  Arguments:              '[v_{-2}]'
  Coefficients:           '[w_0, w_1, w_2, w_4]'
  Argument names:         '[v0]'
  Coefficient names:      '[f, g, __discrete_primal_solution, __cell_bubble]'
  Unique elements:        'DG1(?), CG1(?), B3(?)'
  Unique sub elements:    'DG1(?), CG1(?), B3(?)'
  Domains:                (Domain(Cell('triangle', 2), 'triangle_multiverse', 2, 2),
                          )
  Top level domains:      (Domain(Cell('triangle', 2), 'triangle_multiverse', 2, 2),
                          )
  
  Extracting monomial form representation from UFL form
  Transforming monomial form to reference element
  Reusing element from cache
  Reusing element from cache
  Reusing element from cache
  Reusing element from cache
  Reusing element from cache
  Reusing element from cache
  Reusing element from cache
  Reusing element from cache
  Reusing element from cache
  Estimated cost of tensor representation: 4
  representation:    auto --> quadrature
  Selecting quadrature degree based on total polynomial degree of integrand: 5
  quadrature_degree: auto --> 5
  quadrature_rule:   auto --> default
  Extracting monomial form representation from UFL form
  Transforming monomial form to reference element
  Reusing element from cache
  Reusing element from cache
  Reusing element from cache
  Estimated cost of tensor representation: 2
  representation:    auto --> tensor
  Selecting quadrature degree based on total polynomial degree of integrand: 5
  quadrature_degree: auto --> 5
  quadrature_rule:   auto --> default
  
  Name:                   ''
  Cell:                   <triangle cell in 2D>
  Topological dimension:  2
  Geometric dimension:    2
  Rank:                   2
  Number of coefficients: 1
  Arguments:              '[v_{-2}, v_{-1}]'
  Coefficients:           '[w_6]'
  Argument names:         '[v0, v1]'
  Coefficient names:      '[__cell_cone]'
  Unique elements:        'DG1(?), DG2(?)'
  Unique sub elements:    'DG1(?), DG2(?)'
  Domains:                (Domain(Cell('triangle', 2), 'triangle_multiverse', 2, 2),
                          )
  Top level domains:      (Domain(Cell('triangle', 2), 'triangle_multiverse', 2, 2),
                          )
  
  Extracting monomial form representation from UFL form
  Transforming monomial form to reference element
  Reusing element from cache
  Reusing element from cache
  Estimated cost of tensor representation: 1
  representation:    auto --> tensor
  Selecting quadrature degree based on total polynomial degree of integrand: 4
  quadrature_degree: auto --> 4
  quadrature_rule:   auto --> default
  Extracting monomial form representation from UFL form
  Transforming monomial form to reference element
  Reusing element from cache
  Reusing element from cache
  Reusing element from cache
  Reusing element from cache
  Reusing element from cache
  Reusing element from cache
  Estimated cost of tensor representation: 1
  representation:    auto --> tensor
  Selecting quadrature degree based on total polynomial degree of integrand: 4
  quadrature_degree: auto --> 4
  quadrature_rule:   auto --> default
  
  Name:                   ''
  Cell:                   <triangle cell in 2D>
  Topological dimension:  2
  Geometric dimension:    2
  Rank:                   1
  Number of coefficients: 5
  Arguments:              '[v_{-2}]'
  Coefficients:           '[w_0, w_1, w_2, w_5, w_6]'
  Argument names:         '[v0]'
  Coefficient names:      '[f, g, __discrete_primal_solution, __cell_residual, __cel
                          l_cone]'
  Unique elements:        'DG1(?), CG1(?), DG2(?)'
  Unique sub elements:    'DG1(?), CG1(?), DG2(?)'
  Domains:                (Domain(Cell('triangle', 2), 'triangle_multiverse', 2, 2),
                          )
  Top level domains:      (Domain(Cell('triangle', 2), 'triangle_multiverse', 2, 2),
                          )
  
  Extracting monomial form representation from UFL form
  Transforming monomial form to reference element
  Reusing element from cache
  Reusing element from cache
  Reusing element from cache
  Reusing element from cache
  Reusing element from cache
  Reusing element from cache
  Reusing element from cache
  Reusing element from cache
  Reusing element from cache
  Reusing element from cache
  Reusing element from cache
  Reusing element from cache
  Estimated cost of tensor representation: 4
  representation:    auto --> quadrature
  Selecting quadrature degree based on total polynomial degree of integrand: 4
  quadrature_degree: auto --> 4
  quadrature_rule:   auto --> default
  Extracting monomial form representation from UFL form
  Transforming monomial form to reference element
  Reusing element from cache
  Reusing element from cache
  Reusing element from cache
  Estimated cost of tensor representation: 2
  representation:    auto --> tensor
  Selecting quadrature degree based on total polynomial degree of integrand: 4
  quadrature_degree: auto --> 4
  quadrature_rule:   auto --> default
  
  Name:                   ''
  Cell:                   <triangle cell in 2D>
  Topological dimension:  2
  Geometric dimension:    2
  Rank:                   1
  Number of coefficients: 4
  Arguments:              '[v_{-2}]'
  Coefficients:           '[w_3, w_5, w_7, w_8]'
  Argument names:         '[v0]'
  Coefficient names:      '[__improved_dual, __cell_residual, __facet_residual, __di
                          screte_dual_solution]'
  Unique elements:        'DG0(?), CG2(?), DG1(?), CG1(?)'
  Unique sub elements:    'DG0(?), CG2(?), DG1(?), CG1(?)'
  Domains:                (Domain(Cell('triangle', 2), 'triangle_multiverse', 2, 2),
                          )
  Top level domains:      (Domain(Cell('triangle', 2), 'triangle_multiverse', 2, 2),
                          )
  
  Extracting monomial form representation from UFL form
  Transforming monomial form to reference element
  Reusing element from cache
  Reusing element from cache
  Reusing element from cache
  Reusing element from cache
  Reusing element from cache
  Estimated cost of tensor representation: 2
  representation:    auto --> tensor
  Selecting quadrature degree based on total polynomial degree of integrand: 3
  quadrature_degree: auto --> 3
  quadrature_rule:   auto --> default
  Extracting monomial form representation from UFL form
  Transforming monomial form to reference element
  Reusing element from cache
  Reusing element from cache
  Reusing element from cache
  Reusing element from cache
  Reusing element from cache
  Reusing element from cache
  Estimated cost of tensor representation: 2
  representation:    auto --> tensor
  Selecting quadrature degree based on total polynomial degree of integrand: 3
  quadrature_degree: auto --> 3
  quadrature_rule:   auto --> default
  Extracting monomial form representation from UFL form
  Transforming monomial form to reference element
  Reusing element from cache
  Reusing element from cache
  Reusing element from cache
  Reusing element from cache
  Reusing element from cache
  Reusing element from cache
  Reusing element from cache
  Reusing element from cache
  Reusing element from cache
  Reusing element from cache
  Reusing element from cache
  Reusing element from cache
  Reusing element from cache
  Reusing element from cache
  Reusing element from cache
  Reusing element from cache
  Reusing element from cache
  Reusing element from cache
  Reusing element from cache
  Reusing element from cache
  Reusing element from cache
  Reusing element from cache
  Reusing element from cache
  Reusing element from cache
  Estimated cost of tensor representation: 2
  representation:    auto --> tensor
  Selecting quadrature degree based on total polynomial degree of integrand: 3
  quadrature_degree: auto --> 3
  quadrature_rule:   auto --> default
  
  Name:                   'lhs'
  Cell:                   <triangle cell in 2D>
  Topological dimension:  2
  Geometric dimension:    2
  Rank:                   2
  Number of coefficients: 0
  Arguments:              '[v_{-2}, v_{-1}]'
  Coefficients:           '[]'
  Argument names:         '[v, u]'
  Coefficient names:      '[]'
  Unique elements:        'CG1(?)'
  Unique sub elements:    'CG1(?)'
  Domains:                (Domain(Cell('triangle', 2), 'triangle_multiverse', 2, 2),
                          )
  Top level domains:      (Domain(Cell('triangle', 2), 'triangle_multiverse', 2, 2),
                          )
  
  Extracting monomial form representation from UFL form
  Transforming monomial form to reference element
  Reusing element from cache
  Reusing element from cache
  Estimated cost of tensor representation: 2
  representation:    auto --> tensor
  Selecting quadrature degree based on total polynomial degree of integrand: 0
  quadrature_degree: auto --> 0
  quadrature_rule:   auto --> default
  
  Name:                   'rhs'
  Cell:                   <triangle cell in 2D>
  Topological dimension:  2
  Geometric dimension:    2
  Rank:                   1
  Number of coefficients: 2
  Arguments:              '[v_{-2}]'
  Coefficients:           '[w_0, w_1]'
  Argument names:         '[v]'
  Coefficient names:      '[f, g]'
  Unique elements:        'CG1(?)'
  Unique sub elements:    'CG1(?)'
  Domains:                (Domain(Cell('triangle', 2), 'triangle_multiverse', 2, 2),
                          )
  Top level domains:      (Domain(Cell('triangle', 2), 'triangle_multiverse', 2, 2),
                          )
  
  Extracting monomial form representation from UFL form
  Transforming monomial form to reference element
  Reusing element from cache
  Reusing element from cache
  Estimated cost of tensor representation: 1
  representation:    auto --> tensor
  Selecting quadrature degree based on total polynomial degree of integrand: 2
  quadrature_degree: auto --> 2
  quadrature_rule:   auto --> default
  Extracting monomial form representation from UFL form
  Transforming monomial form to reference element
  Reusing element from cache
  Reusing element from cache
  Estimated cost of tensor representation: 1
  representation:    auto --> tensor
  Selecting quadrature degree based on total polynomial degree of integrand: 2
  quadrature_degree: auto --> 2
  quadrature_rule:   auto --> default
  
  Name:                   'goal'
  Cell:                   <triangle cell in 2D>
  Topological dimension:  2
  Geometric dimension:    2
  Rank:                   0
  Number of coefficients: 1
  Arguments:              '[]'
  Coefficients:           '[w_2]'
  Argument names:         '[]'
  Coefficient names:      '[__discrete_primal_solution]'
  Unique elements:        'CG1(?)'
  Unique sub elements:    'CG1(?)'
  Domains:                (Domain(Cell('triangle', 2), 'triangle_multiverse', 2, 2),
                          )
  Top level domains:      (Domain(Cell('triangle', 2), 'triangle_multiverse', 2, 2),
                          )
  
  Extracting monomial form representation from UFL form
  Transforming monomial form to reference element
  Reusing element from cache
  Estimated cost of tensor representation: 1
  representation:    auto --> tensor
  Selecting quadrature degree based on total polynomial degree of integrand: 1
  quadrature_degree: auto --> 1
  quadrature_rule:   auto --> default
  
Compiler stage 1 finished in 0.068691 seconds.

Compiler stage 2: Computing intermediate representation
-------------------------------------------------------
  Computing representation of 6 elements
  Reusing element from cache
  Reusing element from cache
  Reusing element from cache
  Reusing element from cache
  Reusing element from cache
  Reusing element from cache
  Reusing element from cache
  Reusing element from cache
  Reusing element from cache
  Reusing element from cache
  Reusing element from cache
  Reusing element from cache
  Computing representation of 6 dofmaps
  Reusing element from cache
  Reusing element from cache
  Reusing element from cache
  Reusing element from cache
  Reusing element from cache
  Reusing element from cache
  Computing representation of integrals
  Computing tensor representation
  Extracting monomial form representation from UFL form
  Transforming monomial form to reference element
  Reusing element from cache
  Reusing element from cache
  Reusing element from cache
  Precomputing integrals on reference element
  Reusing element from cache
  36 entries computed in 0.000757 seconds
  Shape of reference tensor: (3, 3, 2, 2)
  Primary multi index:   rank = 2 dims = [3, 3] indices = [[0, 0], [0, 1], [0, 2], [1, 0], [1, 1], [1, 2], [2, 0], [2, 1], [2, 2]]
  Secondary multi index: rank = 2 dims = [2, 2] indices = [[0, 0], [0, 1], [1, 0], [1, 1]]
  Internal multi index:  rank = 0 dims = [] indices = [[]]
  Secondary multi index: rank = 2 dims = [2, 2] indices = [[0, 0], [0, 1], [1, 0], [1, 1]]
  External multi index:  rank = 1 dims = [2] indices = [[0], [1]]
  Computing tensor representation
  Extracting monomial form representation from UFL form
  Transforming monomial form to reference element
  Reusing element from cache
  Reusing element from cache
  Precomputing integrals on reference element
  Reusing element from cache
  3 entries computed in 0.000437 seconds
  Shape of reference tensor: (3,)
  Primary multi index:   rank = 1 dims = [3] indices = [[0], [1], [2]]
  Secondary multi index: rank = 0 dims = [] indices = [[]]
  Internal multi index:  rank = 0 dims = [] indices = [[]]
  Secondary multi index: rank = 0 dims = [] indices = [[]]
  External multi index:  rank = 0 dims = [] indices = [[]]
  Computing quadrature representation
  Reusing element from cache
  Reusing element from cache
  Reusing element from cache
  Reusing element from cache
  
  QG-utils, psi_tables:
  {6: {FiniteElement('Lagrange', Domain(Cell('triangle', 2), 'triangle_multiverse', 2, 2), 2, None): {None: {None: {(0, 1): array([[0.56384396370849277, 0.072266525787876734, 0.56384396370849243,
          -1.6361104894963669, 0.072266525787876068, -1.6361104894963674],
         [8.3266726846886741e-17, -1.1102230246251565e-16,
          -1.6653345369377348e-16, -1.1102230246251565e-16,
          -5.5511151231257827e-17, -1.3877787807814457e-16],
         [-0.072266525787875513, -0.56384396370849144, 1.6361104894963674,
          -0.56384396370849144, 1.6361104894963674, -0.072266525787875735],
         [2.6361104894963665, 2.6361104894963665, 0.92773347421212327,
          0.92773347421212304, 0.43615603629150668, 0.43615603629150723],
         [-0.49157743792061637, 0.49157743792061592, -2.1999544532048594,
          2.1999544532048594, -1.7083770152842432, 1.7083770152842432],
         [-2.6361104894963674, -2.6361104894963674, -0.92773347421212338,
          -0.9277334742121236, -0.43615603629150701, -0.43615603629150695]], dtype=object), (1, 0): array([[0.56384396370849266, 0.072266525787876401, 0.56384396370849277,
          -1.6361104894963672, 0.07226652578787629, -1.6361104894963676],
         [1.6361104894963678, 1.6361104894963676, -0.072266525787876068,
          -0.072266525787876124, -0.56384396370849255, -0.56384396370849243],
         [0.0, 0.0, 0.0, 0.0, 0.0, 0.0],
         [0.92773347421212327, 0.43615603629150695, 2.6361104894963661,
          0.43615603629150695, 2.6361104894963661, 0.92773347421212327],
         [-0.92773347421212327, -0.43615603629150695, -2.6361104894963661,
          -0.43615603629150695, -2.6361104894963661, -0.92773347421212327],
         [-2.1999544532048607, -1.7083770152842441, -0.49157743792061698,
          1.7083770152842432, 0.49157743792061592, 2.1999544532048598]], dtype=object), (0, 0): array([[-0.08525999807368706, -0.12434719365631873, -0.085259998073687046,
          0.20960719173000564, -0.12434719365631869, 0.20960719173000567],
         [0.20960719173000553, 0.20960719173000553, -0.12434719365631877,
          -0.12434719365631874, -0.08525999807368706, -0.08525999807368706],
         [-0.1243471936563187, -0.08525999807368706, 0.20960719173000567,
          -0.08525999807368706, 0.20960719173000567, -0.1243471936563187],
         [0.61140198570687188, 0.28743887558130055, 0.61140198570687188,
          0.10115913871182745, 0.28743887558130055, 0.10115913871182744],
         [0.10115913871182744, 0.10115913871182741, 0.2874388755813006,
          0.28743887558130055, 0.61140198570687199, 0.61140198570687188],
         [0.28743887558130055, 0.61140198570687199, 0.10115913871182744,
          0.61140198570687199, 0.10115913871182744, 0.28743887558130055]], dtype=object)}}}, FiniteElement('Lagrange', Domain(Cell('triangle', 2), 'triangle_multiverse', 2, 2), 1, None): {None: {None: {(0, 1): array([[-0.99999999999999989, -0.99999999999999989, -0.99999999999999989,
          -0.99999999999999989, -0.99999999999999989, -0.99999999999999989],
         [1.1102230246251565e-16, 1.1102230246251565e-16,
          1.1102230246251565e-16, 1.1102230246251565e-16,
          1.1102230246251565e-16, 1.1102230246251565e-16],
         [0.99999999999999978, 0.99999999999999978, 0.99999999999999978,
          0.99999999999999978, 0.99999999999999978, 0.99999999999999978]], dtype=object), (1, 0): array([[-1.0, -1.0, -1.0, -1.0, -1.0, -1.0],
         [1.0, 1.0, 1.0, 1.0, 1.0, 1.0],
         [0.0, 0.0, 0.0, 0.0, 0.0, 0.0]], dtype=object), (0, 0): array([[0.10903900907287697, 0.23193336855303098, 0.109039009072877,
          0.65902762237409196, 0.23193336855303104, 0.65902762237409196],
         [0.65902762237409196, 0.65902762237409196, 0.23193336855303104,
          0.23193336855303098, 0.109039009072877, 0.10903900907287697],
         [0.23193336855303098, 0.10903900907287697, 0.65902762237409185,
          0.10903900907287697, 0.65902762237409185, 0.23193336855303098]], dtype=object)}}}}}
  
  QG-utils, psi_tables, flat_tables:
  {'FE0_D10': array([[-1.0, 1.0, 0.0],
         [-1.0, 1.0, 0.0],
         [-1.0, 1.0, 0.0],
         [-1.0, 1.0, 0.0],
         [-1.0, 1.0, 0.0],
         [-1.0, 1.0, 0.0]], dtype=object), 'FE0_D01': array([[-0.99999999999999989, 1.1102230246251565e-16, 0.99999999999999978],
         [-0.99999999999999989, 1.1102230246251565e-16, 0.99999999999999978],
         [-0.99999999999999989, 1.1102230246251565e-16, 0.99999999999999978],
         [-0.99999999999999989, 1.1102230246251565e-16, 0.99999999999999978],
         [-0.99999999999999989, 1.1102230246251565e-16, 0.99999999999999978],
         [-0.99999999999999989, 1.1102230246251565e-16, 0.99999999999999978]], dtype=object), 'FE1_D01': array([[0.56384396370849277, 8.3266726846886741e-17, -0.072266525787875513,
          2.6361104894963665, -0.49157743792061637, -2.6361104894963674],
         [0.072266525787876734, -1.1102230246251565e-16,
          -0.56384396370849144, 2.6361104894963665, 0.49157743792061592,
          -2.6361104894963674],
         [0.56384396370849243, -1.6653345369377348e-16, 1.6361104894963674,
          0.92773347421212327, -2.1999544532048594, -0.92773347421212338],
         [-1.6361104894963669, -1.1102230246251565e-16, -0.56384396370849144,
          0.92773347421212304, 2.1999544532048594, -0.9277334742121236],
         [0.072266525787876068, -5.5511151231257827e-17, 1.6361104894963674,
          0.43615603629150668, -1.7083770152842432, -0.43615603629150701],
         [-1.6361104894963674, -1.3877787807814457e-16,
          -0.072266525787875735, 0.43615603629150723, 1.7083770152842432,
          -0.43615603629150695]], dtype=object), 'FE1_D10': array([[0.56384396370849266, 1.6361104894963678, 0.0, 0.92773347421212327,
          -0.92773347421212327, -2.1999544532048607],
         [0.072266525787876401, 1.6361104894963676, 0.0, 0.43615603629150695,
          -0.43615603629150695, -1.7083770152842441],
         [0.56384396370849277, -0.072266525787876068, 0.0,
          2.6361104894963661, -2.6361104894963661, -0.49157743792061698],
         [-1.6361104894963672, -0.072266525787876124, 0.0,
          0.43615603629150695, -0.43615603629150695, 1.7083770152842432],
         [0.07226652578787629, -0.56384396370849255, 0.0, 2.6361104894963661,
          -2.6361104894963661, 0.49157743792061592],
         [-1.6361104894963676, -0.56384396370849243, 0.0,
          0.92773347421212327, -0.92773347421212327, 2.1999544532048598]], dtype=object), 'FE0': array([[0.10903900907287697, 0.65902762237409196, 0.23193336855303098],
         [0.23193336855303098, 0.65902762237409196, 0.10903900907287697],
         [0.109039009072877, 0.23193336855303104, 0.65902762237409185],
         [0.65902762237409196, 0.23193336855303098, 0.10903900907287697],
         [0.23193336855303104, 0.109039009072877, 0.65902762237409185],
         [0.65902762237409196, 0.10903900907287697, 0.23193336855303098]], dtype=object), 'FE1': array([[-0.08525999807368706, 0.20960719173000553, -0.1243471936563187,
          0.61140198570687188, 0.10115913871182744, 0.28743887558130055],
         [-0.12434719365631873, 0.20960719173000553, -0.08525999807368706,
          0.28743887558130055, 0.10115913871182741, 0.61140198570687199],
         [-0.085259998073687046, -0.12434719365631877, 0.20960719173000567,
          0.61140198570687188, 0.2874388755813006, 0.10115913871182744],
         [0.20960719173000564, -0.12434719365631874, -0.08525999807368706,
          0.10115913871182745, 0.28743887558130055, 0.61140198570687199],
         [-0.12434719365631869, -0.08525999807368706, 0.20960719173000567,
          0.28743887558130055, 0.61140198570687199, 0.10115913871182744],
         [0.20960719173000567, -0.08525999807368706, -0.1243471936563187,
          0.10115913871182744, 0.61140198570687188, 0.28743887558130055]], dtype=object)}
  
  tables: {'FE0_D10': array([[-1.0, 1.0, 0.0],
         [-1.0, 1.0, 0.0],
         [-1.0, 1.0, 0.0],
         [-1.0, 1.0, 0.0],
         [-1.0, 1.0, 0.0],
         [-1.0, 1.0, 0.0]], dtype=object), 'FE0_D01': array([[-0.99999999999999989, 1.1102230246251565e-16, 0.99999999999999978],
         [-0.99999999999999989, 1.1102230246251565e-16, 0.99999999999999978],
         [-0.99999999999999989, 1.1102230246251565e-16, 0.99999999999999978],
         [-0.99999999999999989, 1.1102230246251565e-16, 0.99999999999999978],
         [-0.99999999999999989, 1.1102230246251565e-16, 0.99999999999999978],
         [-0.99999999999999989, 1.1102230246251565e-16, 0.99999999999999978]], dtype=object), 'FE1_D01': array([[0.56384396370849277, 8.3266726846886741e-17, -0.072266525787875513,
          2.6361104894963665, -0.49157743792061637, -2.6361104894963674],
         [0.072266525787876734, -1.1102230246251565e-16,
          -0.56384396370849144, 2.6361104894963665, 0.49157743792061592,
          -2.6361104894963674],
         [0.56384396370849243, -1.6653345369377348e-16, 1.6361104894963674,
          0.92773347421212327, -2.1999544532048594, -0.92773347421212338],
         [-1.6361104894963669, -1.1102230246251565e-16, -0.56384396370849144,
          0.92773347421212304, 2.1999544532048594, -0.9277334742121236],
         [0.072266525787876068, -5.5511151231257827e-17, 1.6361104894963674,
          0.43615603629150668, -1.7083770152842432, -0.43615603629150701],
         [-1.6361104894963674, -1.3877787807814457e-16,
          -0.072266525787875735, 0.43615603629150723, 1.7083770152842432,
          -0.43615603629150695]], dtype=object), 'FE1_D10': array([[0.56384396370849266, 1.6361104894963678, 0.0, 0.92773347421212327,
          -0.92773347421212327, -2.1999544532048607],
         [0.072266525787876401, 1.6361104894963676, 0.0, 0.43615603629150695,
          -0.43615603629150695, -1.7083770152842441],
         [0.56384396370849277, -0.072266525787876068, 0.0,
          2.6361104894963661, -2.6361104894963661, -0.49157743792061698],
         [-1.6361104894963672, -0.072266525787876124, 0.0,
          0.43615603629150695, -0.43615603629150695, 1.7083770152842432],
         [0.07226652578787629, -0.56384396370849255, 0.0, 2.6361104894963661,
          -2.6361104894963661, 0.49157743792061592],
         [-1.6361104894963676, -0.56384396370849243, 0.0,
          0.92773347421212327, -0.92773347421212327, 2.1999544532048598]], dtype=object), 'FE0': array([[0.10903900907287697, 0.65902762237409196, 0.23193336855303098],
         [0.23193336855303098, 0.65902762237409196, 0.10903900907287697],
         [0.109039009072877, 0.23193336855303104, 0.65902762237409185],
         [0.65902762237409196, 0.23193336855303098, 0.10903900907287697],
         [0.23193336855303104, 0.109039009072877, 0.65902762237409185],
         [0.65902762237409196, 0.10903900907287697, 0.23193336855303098]], dtype=object), 'FE1': array([[-0.08525999807368706, 0.20960719173000553, -0.1243471936563187,
          0.61140198570687188, 0.10115913871182744, 0.28743887558130055],
         [-0.12434719365631873, 0.20960719173000553, -0.08525999807368706,
          0.28743887558130055, 0.10115913871182741, 0.61140198570687199],
         [-0.085259998073687046, -0.12434719365631877, 0.20960719173000567,
          0.61140198570687188, 0.2874388755813006, 0.10115913871182744],
         [0.20960719173000564, -0.12434719365631874, -0.08525999807368706,
          0.10115913871182745, 0.28743887558130055, 0.61140198570687199],
         [-0.12434719365631869, -0.08525999807368706, 0.20960719173000567,
          0.28743887558130055, 0.61140198570687199, 0.10115913871182744],
         [0.20960719173000567, -0.08525999807368706, -0.1243471936563187,
          0.10115913871182744, 0.61140198570687188, 0.28743887558130055]], dtype=object)}
  
  name_map: {}
  
  inv_name_map: {'FE0_D10': 'FE0_D10', 'FE0_D01': 'FE0_D01', 'FE1_D01': 'FE1_D01', 'FE1_D10': 'FE1_D10', 'FE0': 'FE0', 'FE1': 'FE1'}
  
  QG-utils, psi_tables, unique_tables:
  {'FE0_D01': array([[-0.99999999999999989, 0.99999999999999978],
         [-0.99999999999999989, 0.99999999999999978],
         [-0.99999999999999989, 0.99999999999999978],
         [-0.99999999999999989, 0.99999999999999978],
         [-0.99999999999999989, 0.99999999999999978],
         [-0.99999999999999989, 0.99999999999999978]], dtype=object), 'FE1_D01': array([[0.56384396370849277, -0.072266525787875513, 2.6361104894963665,
          -0.49157743792061637, -2.6361104894963674],
         [0.072266525787876734, -0.56384396370849144, 2.6361104894963665,
          0.49157743792061592, -2.6361104894963674],
         [0.56384396370849243, 1.6361104894963674, 0.92773347421212327,
          -2.1999544532048594, -0.92773347421212338],
         [-1.6361104894963669, -0.56384396370849144, 0.92773347421212304,
          2.1999544532048594, -0.9277334742121236],
         [0.072266525787876068, 1.6361104894963674, 0.43615603629150668,
          -1.7083770152842432, -0.43615603629150701],
         [-1.6361104894963674, -0.072266525787875735, 0.43615603629150723,
          1.7083770152842432, -0.43615603629150695]], dtype=object), 'FE1_D10': array([[0.56384396370849266, 1.6361104894963678, 0.92773347421212327,
          -0.92773347421212327, -2.1999544532048607],
         [0.072266525787876401, 1.6361104894963676, 0.43615603629150695,
          -0.43615603629150695, -1.7083770152842441],
         [0.56384396370849277, -0.072266525787876068, 2.6361104894963661,
          -2.6361104894963661, -0.49157743792061698],
         [-1.6361104894963672, -0.072266525787876124, 0.43615603629150695,
          -0.43615603629150695, 1.7083770152842432],
         [0.07226652578787629, -0.56384396370849255, 2.6361104894963661,
          -2.6361104894963661, 0.49157743792061592],
         [-1.6361104894963676, -0.56384396370849243, 0.92773347421212327,
          -0.92773347421212327, 2.1999544532048598]], dtype=object), 'FE0': array([[0.10903900907287697, 0.65902762237409196, 0.23193336855303098],
         [0.23193336855303098, 0.65902762237409196, 0.10903900907287697],
         [0.109039009072877, 0.23193336855303104, 0.65902762237409185],
         [0.65902762237409196, 0.23193336855303098, 0.10903900907287697],
         [0.23193336855303104, 0.109039009072877, 0.65902762237409185],
         [0.65902762237409196, 0.10903900907287697, 0.23193336855303098]], dtype=object), 'FE1': array([[-0.08525999807368706, 0.20960719173000553, -0.1243471936563187,
          0.61140198570687188, 0.10115913871182744, 0.28743887558130055],
         [-0.12434719365631873, 0.20960719173000553, -0.08525999807368706,
          0.28743887558130055, 0.10115913871182741, 0.61140198570687199],
         [-0.085259998073687046, -0.12434719365631877, 0.20960719173000567,
          0.61140198570687188, 0.2874388755813006, 0.10115913871182744],
         [0.20960719173000564, -0.12434719365631874, -0.08525999807368706,
          0.10115913871182745, 0.28743887558130055, 0.61140198570687199],
         [-0.12434719365631869, -0.08525999807368706, 0.20960719173000567,
          0.28743887558130055, 0.61140198570687199, 0.10115913871182744],
         [0.20960719173000567, -0.08525999807368706, -0.1243471936563187,
          0.10115913871182744, 0.61140198570687188, 0.28743887558130055]], dtype=object)}
  
  QG-utils, psi_tables, name_map:
  {'FE0_D10': ('FE0_D01', (1, [0, 1]), False, False), 'FE0_D01': ('FE0_D01', (0, [0, 2]), False, False), 'FE1_D01': ('FE1_D01', (2, [0, 2, 3, 4, 5]), False, False), 'FE1_D10': ('FE1_D10', (3, [0, 1, 3, 4, 5]), False, False), 'FE0': ('FE0', (), False, False), 'FE1': ('FE1', (), False, False)}
  Transforming cell integral
  Reusing element from cache
  Reusing element from cache
  Reusing element from cache
  Reusing element from cache
  Reusing element from cache
  Reusing element from cache
  Reusing element from cache
  Reusing element from cache
  Reusing element from cache
  Reusing element from cache
  Reusing element from cache
  Reusing element from cache
  Computing tensor representation
  Extracting monomial form representation from UFL form
  Transforming monomial form to reference element
  Reusing element from cache
  Reusing element from cache
  Reusing element from cache
  Reusing element from cache
  Precomputing integrals on reference element
  Reusing element from cache
  Reusing element from cache
  18 entries computed in 0.00148 seconds
  Shape of reference tensor: (3, 6)
  Primary multi index:   rank = 0 dims = [] indices = [[]]
  Secondary multi index: rank = 2 dims = [3, 6] indices = [[0, 0], [0, 1], [0, 2], [0, 3], [0, 4], [0, 5], [1, 0], [1, 1], [1, 2], [1, 3], [1, 4], [1, 5], [2, 0], [2, 1], [2, 2], [2, 3], [2, 4], [2, 5]]
  Internal multi index:  rank = 0 dims = [] indices = [[]]
  Secondary multi index: rank = 2 dims = [3, 6] indices = [[0, 0], [0, 1], [0, 2], [0, 3], [0, 4], [0, 5], [1, 0], [1, 1], [1, 2], [1, 3], [1, 4], [1, 5], [2, 0], [2, 1], [2, 2], [2, 3], [2, 4], [2, 5]]
  External multi index:  rank = 0 dims = [] indices = [[]]
  Precomputing integrals on reference element
  Reusing element from cache
  Reusing element from cache
  18 entries computed in 0.00135 seconds
  Shape of reference tensor: (3, 6)
  Primary multi index:   rank = 0 dims = [] indices = [[]]
  Secondary multi index: rank = 2 dims = [3, 6] indices = [[0, 0], [0, 1], [0, 2], [0, 3], [0, 4], [0, 5], [1, 0], [1, 1], [1, 2], [1, 3], [1, 4], [1, 5], [2, 0], [2, 1], [2, 2], [2, 3], [2, 4], [2, 5]]
  Internal multi index:  rank = 0 dims = [] indices = [[]]
  Secondary multi index: rank = 2 dims = [3, 6] indices = [[0, 0], [0, 1], [0, 2], [0, 3], [0, 4], [0, 5], [1, 0], [1, 1], [1, 2], [1, 3], [1, 4], [1, 5], [2, 0], [2, 1], [2, 2], [2, 3], [2, 4], [2, 5]]
  External multi index:  rank = 0 dims = [] indices = [[]]
  Precomputing integrals on reference element
  Reusing element from cache
  Reusing element from cache
  18 entries computed in 0.00134 seconds
  Shape of reference tensor: (3, 6)
  Primary multi index:   rank = 0 dims = [] indices = [[]]
  Secondary multi index: rank = 2 dims = [3, 6] indices = [[0, 0], [0, 1], [0, 2], [0, 3], [0, 4], [0, 5], [1, 0], [1, 1], [1, 2], [1, 3], [1, 4], [1, 5], [2, 0], [2, 1], [2, 2], [2, 3], [2, 4], [2, 5]]
  Internal multi index:  rank = 0 dims = [] indices = [[]]
  Secondary multi index: rank = 2 dims = [3, 6] indices = [[0, 0], [0, 1], [0, 2], [0, 3], [0, 4], [0, 5], [1, 0], [1, 1], [1, 2], [1, 3], [1, 4], [1, 5], [2, 0], [2, 1], [2, 2], [2, 3], [2, 4], [2, 5]]
  External multi index:  rank = 0 dims = [] indices = [[]]
  Computing tensor representation
  Extracting monomial form representation from UFL form
  Transforming monomial form to reference element
  Reusing element from cache
  Reusing element from cache
  Reusing element from cache
  Reusing element from cache
  Reusing element from cache
  Precomputing integrals on reference element
  Reusing element from cache
  Reusing element from cache
  9 entries computed in 0.00243 seconds
  Shape of reference tensor: (3, 3, 1)
  Primary multi index:   rank = 2 dims = [3, 3] indices = [[0, 0], [0, 1], [0, 2], [1, 0], [1, 1], [1, 2], [2, 0], [2, 1], [2, 2]]
  Secondary multi index: rank = 1 dims = [1] indices = [[0]]
  Internal multi index:  rank = 0 dims = [] indices = [[]]
  Secondary multi index: rank = 1 dims = [1] indices = [[0]]
  External multi index:  rank = 0 dims = [] indices = [[]]
  Computing quadrature representation
  Reusing element from cache
  Reusing element from cache
  Reusing element from cache
  Reusing element from cache
  Reusing element from cache
  Reusing element from cache
  Reusing element from cache
  
  QG-utils, psi_tables:
  {7: {FiniteElement('Bubble', Domain(Cell('triangle', 2), 'triangle_multiverse', 2, 2), 3, None): {None: {None: {(0, 1): array([[-1.1102230246251565e-16, 3.6637359812630166e-15,
          -1.9037602159047706, 1.9037602159047724, -2.2204460492503131e-16,
          5.2098826648843648, -5.2098826648843612]], dtype=object), (1, 0): array([[3.4373799093713836e-16, -1.9037602159047682,
          3.9672666806617637e-15, 1.9037602159047715, 5.2098826648843648,
          2.1527793290222102e-18, -5.2098826648843577]], dtype=object), (0, 0): array([[1.0000000000000002, 0.22088075779229027, 0.22088075779229013,
          0.22088075779229016, 0.35637871742636851, 0.35637871742636862,
          0.35637871742636917]], dtype=object)}}}, FiniteElement('Discontinuous Lagrange', Domain(Cell('triangle', 2), 'triangle_multiverse', 2, 2), 1, None): {None: {None: {(0, 1): array([[-1.0, -1.0, -1.0, -1.0, -1.0, -1.0, -1.0],
         [0.0, 0.0, 0.0, 0.0, 0.0, 0.0, 0.0],
         [1.0, 1.0, 1.0, 1.0, 1.0, 1.0, 1.0]], dtype=object), (1, 0): array([[-1.0, -1.0, -1.0, -1.0, -1.0, -1.0, -1.0],
         [1.0, 1.0, 1.0, 1.0, 1.0, 1.0, 1.0],
         [0.0, 0.0, 0.0, 0.0, 0.0, 0.0, 0.0]], dtype=object), (0, 0): array([[0.33333333333333337, 0.10128650732345648, 0.10128650732345651,
          0.79742698535308731, 0.47014206410511522, 0.47014206410511522,
          0.059715871789769934],
         [0.33333333333333337, 0.7974269853530872, 0.1012865073234564,
          0.10128650732345637, 0.059715871789769795, 0.47014206410511511,
          0.47014206410511511],
         [0.33333333333333331, 0.10128650732345634, 0.79742698535308709,
          0.10128650732345634, 0.47014206410511505, 0.059715871789769726,
