This is FFC, the FEniCS Form Compiler, version 1.4.0.
For further information, visit http://www.fenics.org/ffc/.

Compiling form EnergyNorm

Compiler stage 1: Analyzing form(s)
-----------------------------------
  
  Name:                   'M'
  Geometric dimension:    2
  Rank:                   0
  Arguments:              '[]'
  Argument names:         '[]'
  Number of coefficients: 1
  Coefficients:           '[w_0]'
  Coefficient names:      '[v]'
  Unique elements:        'CG2(?)'
  Unique sub elements:    'CG2(?)'
  
  Extracting monomial form representation from UFL form
  Transforming monomial form to reference element
  Reusing element from cache
  Reusing element from cache
  Reusing element from cache
  Estimated cost of tensor representation: 4
  representation:    auto --> quadrature
  Selecting quadrature degree based on total polynomial degree of integrand: 4
  quadrature_degree: auto --> 4
  quadrature_rule:   auto --> default
  
Compiler stage 1 finished in 0.021379 seconds.

Compiler stage 2: Computing intermediate representation
-------------------------------------------------------
  Computing representation of 1 elements
  Reusing element from cache
  Reusing element from cache
  Computing representation of 1 dofmaps
  Reusing element from cache
  Computing representation of integrals
  Computing quadrature representation
  Reusing element from cache
  Reusing element from cache
  Reusing element from cache
  
  QG-utils, psi_tables:
  {6: {VectorElement('Lagrange', Domain(Cell('triangle', 2), label=None, data=None), 1, dim=2, quad_scheme=None): {None: {None: {(0, 1): array([[[-1., -1., -1., -1., -1., -1.],
          [ 0.,  0.,  0.,  0.,  0.,  0.]],
  
         [[ 0.,  0.,  0.,  0.,  0.,  0.],
          [ 0.,  0.,  0.,  0.,  0.,  0.]],
  
         [[ 1.,  1.,  1.,  1.,  1.,  1.],
          [ 0.,  0.,  0.,  0.,  0.,  0.]],
  
         [[ 0.,  0.,  0.,  0.,  0.,  0.],
          [-1., -1., -1., -1., -1., -1.]],
  
         [[ 0.,  0.,  0.,  0.,  0.,  0.],
          [ 0.,  0.,  0.,  0.,  0.,  0.]],
  
         [[ 0.,  0.,  0.,  0.,  0.,  0.],
          [ 1.,  1.,  1.,  1.,  1.,  1.]]]), (1, 0): array([[[-1., -1., -1., -1., -1., -1.],
          [ 0.,  0.,  0.,  0.,  0.,  0.]],
  
         [[ 1.,  1.,  1.,  1.,  1.,  1.],
          [ 0.,  0.,  0.,  0.,  0.,  0.]],
  
         [[ 0.,  0.,  0.,  0.,  0.,  0.],
          [ 0.,  0.,  0.,  0.,  0.,  0.]],
  
         [[ 0.,  0.,  0.,  0.,  0.,  0.],
          [-1., -1., -1., -1., -1., -1.]],
  
         [[ 0.,  0.,  0.,  0.,  0.,  0.],
          [ 1.,  1.,  1.,  1.,  1.,  1.]],
  
         [[ 0.,  0.,  0.,  0.,  0.,  0.],
          [ 0.,  0.,  0.,  0.,  0.,  0.]]]), (0, 0): array([[[ 0.09157621,  0.09157621,  0.81684757,  0.44594849,  0.44594849,
            0.10810302],
          [ 0.        ,  0.        ,  0.        ,  0.        ,  0.        ,
            0.        ]],
  
         [[ 0.81684757,  0.09157621,  0.09157621,  0.10810302,  0.44594849,
            0.44594849],
          [ 0.        ,  0.        ,  0.        ,  0.        ,  0.        ,
            0.        ]],
  
         [[ 0.09157621,  0.81684757,  0.09157621,  0.44594849,  0.10810302,
            0.44594849],
          [ 0.        ,  0.        ,  0.        ,  0.        ,  0.        ,
            0.        ]],
  
         [[ 0.        ,  0.        ,  0.        ,  0.        ,  0.        ,
            0.        ],
          [ 0.09157621,  0.09157621,  0.81684757,  0.44594849,  0.44594849,
            0.10810302]],
  
         [[ 0.        ,  0.        ,  0.        ,  0.        ,  0.        ,
            0.        ],
          [ 0.81684757,  0.09157621,  0.09157621,  0.10810302,  0.44594849,
            0.44594849]],
  
         [[ 0.        ,  0.        ,  0.        ,  0.        ,  0.        ,
            0.        ],
          [ 0.09157621,  0.81684757,  0.09157621,  0.44594849,  0.10810302,
            0.44594849]]])}}}, FiniteElement('Lagrange', Domain(Cell('triangle', 2), label=None, data=None), 2, quad_scheme=None): {None: {None: {(0, 1): array([[0.63369514596092058, 0.63369514596092025, -2.2673902919218314,
          -0.78379396366385989, -0.78379396366385934, 0.56758792732772056],
         [2.7755575615628914e-16, -2.2204460492503131e-16,
          -5.5511151231257827e-17, 4.8572257327350599e-17,
          -1.1102230246251565e-16, 1.3183898417423734e-16],
         [-0.63369514596091581, 2.2673902919218358, -0.63369514596091603,
          0.78379396366385989, -0.56758792732771934, 0.78379396366385978],
         [3.2673902919218341, 0.36630485403908319, 0.36630485403908319,
          0.4324120726722791, 1.7837939636638593, 1.7837939636638589],
         [-3.7747582837255322e-15, -2.9010854378827551, 2.9010854378827475,
          -2.4980018054066022e-16, 1.3513818909915796, -1.3513818909915798],
         [-3.2673902919218358, -0.36630485403908342, -0.36630485403908297,
          -0.43241207267227899, -1.78379396366386, -1.7837939636638598]], dtype=object), (1, 0): array([[0.63369514596092014, 0.63369514596092069, -2.2673902919218323,
          -0.78379396366385989, -0.78379396366385967, 0.56758792732772034],
         [2.2673902919218358, -0.63369514596091625, -0.63369514596091647,
          -0.56758792732772045, 0.78379396366386023, 0.78379396366385978],
         [0.0, 0.0, 0.0, 0.0, 0.0, 0.0],
         [0.36630485403908286, 3.2673902919218336, 0.36630485403908286,
          1.7837939636638591, 0.43241207267227894, 1.7837939636638591],
         [-0.36630485403908286, -3.2673902919218336, -0.36630485403908286,
          -1.7837939636638591, -0.43241207267227894, -1.7837939636638591],
         [-2.901085437882756, -4.9296699827375906e-15, 2.9010854378827484,
          1.35138189099158, -7.6450782352261042e-16, -1.3513818909915805]], dtype=object), (0, 0): array([[-0.074803807748196033, -0.074803807748195991, 0.51763234198767138,
          -0.048208377815511877, -0.048208377815511919, -0.084730493093977774],
         [0.51763234198767349, -0.074803807748196616, -0.07480380774819663,
          -0.084730493093977816, -0.048208377815511967, -0.048208377815512009],
         [-0.074803807748196643, 0.51763234198767361, -0.074803807748196643,
          -0.048208377815511891, -0.084730493093977843, -0.048208377815511891],
         [0.29921523099278691, 0.29921523099278691, 0.033544811523148657,
          0.19283351126204784, 0.19283351126204781, 0.79548022620090597],
         [0.033544811523148282, 0.2992152309927838, 0.29921523099278657,
          0.79548022620090597, 0.19283351126204779, 0.19283351126204784],
         [0.2992152309927838, 0.033544811523148269, 0.29921523099278663,
          0.19283351126204784, 0.79548022620090619, 0.19283351126204784]], dtype=object)}}}}}
  
  QG-utils, psi_tables, flat_tables:
  {'FE0_D10': array([[0.63369514596092014, 2.2673902919218358, 0.0, 0.36630485403908286,
          -0.36630485403908286, -2.901085437882756],
         [0.63369514596092069, -0.63369514596091625, 0.0, 3.2673902919218336,
          -3.2673902919218336, -4.9296699827375906e-15],
         [-2.2673902919218323, -0.63369514596091647, 0.0,
          0.36630485403908286, -0.36630485403908286, 2.9010854378827484],
         [-0.78379396366385989, -0.56758792732772045, 0.0,
          1.7837939636638591, -1.7837939636638591, 1.35138189099158],
         [-0.78379396366385967, 0.78379396366386023, 0.0,
          0.43241207267227894, -0.43241207267227894, -7.6450782352261042e-16],
         [0.56758792732772034, 0.78379396366385978, 0.0, 1.7837939636638591,
          -1.7837939636638591, -1.3513818909915805]], dtype=object), 'FE0_D01': array([[0.63369514596092058, 2.7755575615628914e-16, -0.63369514596091581,
          3.2673902919218341, -3.7747582837255322e-15, -3.2673902919218358],
         [0.63369514596092025, -2.2204460492503131e-16, 2.2673902919218358,
          0.36630485403908319, -2.9010854378827551, -0.36630485403908342],
         [-2.2673902919218314, -5.5511151231257827e-17, -0.63369514596091603,
          0.36630485403908319, 2.9010854378827475, -0.36630485403908297],
         [-0.78379396366385989, 4.8572257327350599e-17, 0.78379396366385989,
          0.4324120726722791, -2.4980018054066022e-16, -0.43241207267227899],
         [-0.78379396366385934, -1.1102230246251565e-16,
          -0.56758792732771934, 1.7837939636638593, 1.3513818909915796,
          -1.78379396366386],
         [0.56758792732772056, 1.3183898417423734e-16, 0.78379396366385978,
          1.7837939636638589, -1.3513818909915798, -1.7837939636638598]], dtype=object), 'FE1_C0': array([[ 0.09157621,  0.81684757,  0.09157621,  0.        ,  0.        ,
           0.        ],
         [ 0.09157621,  0.09157621,  0.81684757,  0.        ,  0.        ,
           0.        ],
         [ 0.81684757,  0.09157621,  0.09157621,  0.        ,  0.        ,
           0.        ],
         [ 0.44594849,  0.10810302,  0.44594849,  0.        ,  0.        ,
           0.        ],
         [ 0.44594849,  0.44594849,  0.10810302,  0.        ,  0.        ,
           0.        ],
         [ 0.10810302,  0.44594849,  0.44594849,  0.        ,  0.        ,
           0.        ]]), 'FE1_C1': array([[ 0.        ,  0.        ,  0.        ,  0.09157621,  0.81684757,
           0.09157621],
         [ 0.        ,  0.        ,  0.        ,  0.09157621,  0.09157621,
           0.81684757],
         [ 0.        ,  0.        ,  0.        ,  0.81684757,  0.09157621,
           0.09157621],
         [ 0.        ,  0.        ,  0.        ,  0.44594849,  0.10810302,
           0.44594849],
         [ 0.        ,  0.        ,  0.        ,  0.44594849,  0.44594849,
           0.10810302],
         [ 0.        ,  0.        ,  0.        ,  0.10810302,  0.44594849,
           0.44594849]]), 'FE1_C1_D10': array([[ 0.,  0.,  0., -1.,  1.,  0.],
         [ 0.,  0.,  0., -1.,  1.,  0.],
         [ 0.,  0.,  0., -1.,  1.,  0.],
         [ 0.,  0.,  0., -1.,  1.,  0.],
         [ 0.,  0.,  0., -1.,  1.,  0.],
         [ 0.,  0.,  0., -1.,  1.,  0.]]), 'FE0': array([[-0.074803807748196033, 0.51763234198767349, -0.074803807748196643,
          0.29921523099278691, 0.033544811523148282, 0.2992152309927838],
         [-0.074803807748195991, -0.074803807748196616, 0.51763234198767361,
          0.29921523099278691, 0.2992152309927838, 0.033544811523148269],
         [0.51763234198767138, -0.07480380774819663, -0.074803807748196643,
          0.033544811523148657, 0.29921523099278657, 0.29921523099278663],
         [-0.048208377815511877, -0.084730493093977816,
          -0.048208377815511891, 0.19283351126204784, 0.79548022620090597,
          0.19283351126204784],
         [-0.048208377815511919, -0.048208377815511967,
          -0.084730493093977843, 0.19283351126204781, 0.19283351126204779,
          0.79548022620090619],
         [-0.084730493093977774, -0.048208377815512009,
          -0.048208377815511891, 0.79548022620090597, 0.19283351126204784,
          0.19283351126204784]], dtype=object), 'FE1_C1_D01': array([[ 0.,  0.,  0., -1.,  0.,  1.],
         [ 0.,  0.,  0., -1.,  0.,  1.],
         [ 0.,  0.,  0., -1.,  0.,  1.],
         [ 0.,  0.,  0., -1.,  0.,  1.],
         [ 0.,  0.,  0., -1.,  0.,  1.],
         [ 0.,  0.,  0., -1.,  0.,  1.]]), 'FE1_C0_D01': array([[-1.,  0.,  1.,  0.,  0.,  0.],
         [-1.,  0.,  1.,  0.,  0.,  0.],
         [-1.,  0.,  1.,  0.,  0.,  0.],
         [-1.,  0.,  1.,  0.,  0.,  0.],
         [-1.,  0.,  1.,  0.,  0.,  0.],
         [-1.,  0.,  1.,  0.,  0.,  0.]]), 'FE1_C0_D10': array([[-1.,  1.,  0.,  0.,  0.,  0.],
         [-1.,  1.,  0.,  0.,  0.,  0.],
         [-1.,  1.,  0.,  0.,  0.,  0.],
         [-1.,  1.,  0.,  0.,  0.,  0.],
         [-1.,  1.,  0.,  0.,  0.,  0.],
         [-1.,  1.,  0.,  0.,  0.,  0.]])}
  
  tables: {'FE0_D10': array([[0.63369514596092014, 2.2673902919218358, 0.0, 0.36630485403908286,
          -0.36630485403908286, -2.901085437882756],
         [0.63369514596092069, -0.63369514596091625, 0.0, 3.2673902919218336,
          -3.2673902919218336, -4.9296699827375906e-15],
         [-2.2673902919218323, -0.63369514596091647, 0.0,
          0.36630485403908286, -0.36630485403908286, 2.9010854378827484],
         [-0.78379396366385989, -0.56758792732772045, 0.0,
          1.7837939636638591, -1.7837939636638591, 1.35138189099158],
         [-0.78379396366385967, 0.78379396366386023, 0.0,
          0.43241207267227894, -0.43241207267227894, -7.6450782352261042e-16],
         [0.56758792732772034, 0.78379396366385978, 0.0, 1.7837939636638591,
          -1.7837939636638591, -1.3513818909915805]], dtype=object), 'FE0_D01': array([[0.63369514596092058, 2.7755575615628914e-16, -0.63369514596091581,
          3.2673902919218341, -3.7747582837255322e-15, -3.2673902919218358],
         [0.63369514596092025, -2.2204460492503131e-16, 2.2673902919218358,
          0.36630485403908319, -2.9010854378827551, -0.36630485403908342],
         [-2.2673902919218314, -5.5511151231257827e-17, -0.63369514596091603,
          0.36630485403908319, 2.9010854378827475, -0.36630485403908297],
         [-0.78379396366385989, 4.8572257327350599e-17, 0.78379396366385989,
          0.4324120726722791, -2.4980018054066022e-16, -0.43241207267227899],
         [-0.78379396366385934, -1.1102230246251565e-16,
          -0.56758792732771934, 1.7837939636638593, 1.3513818909915796,
          -1.78379396366386],
         [0.56758792732772056, 1.3183898417423734e-16, 0.78379396366385978,
          1.7837939636638589, -1.3513818909915798, -1.7837939636638598]], dtype=object), 'FE1_C0': array([[ 0.09157621,  0.81684757,  0.09157621,  0.        ,  0.        ,
           0.        ],
         [ 0.09157621,  0.09157621,  0.81684757,  0.        ,  0.        ,
           0.        ],
         [ 0.81684757,  0.09157621,  0.09157621,  0.        ,  0.        ,
           0.        ],
         [ 0.44594849,  0.10810302,  0.44594849,  0.        ,  0.        ,
           0.        ],
         [ 0.44594849,  0.44594849,  0.10810302,  0.        ,  0.        ,
           0.        ],
         [ 0.10810302,  0.44594849,  0.44594849,  0.        ,  0.        ,
           0.        ]]), 'FE1_C1': array([[ 0.        ,  0.        ,  0.        ,  0.09157621,  0.81684757,
           0.09157621],
         [ 0.        ,  0.        ,  0.        ,  0.09157621,  0.09157621,
           0.81684757],
         [ 0.        ,  0.        ,  0.        ,  0.81684757,  0.09157621,
           0.09157621],
         [ 0.        ,  0.        ,  0.        ,  0.44594849,  0.10810302,
           0.44594849],
         [ 0.        ,  0.        ,  0.        ,  0.44594849,  0.44594849,
           0.10810302],
         [ 0.        ,  0.        ,  0.        ,  0.10810302,  0.44594849,
           0.44594849]]), 'FE1_C1_D10': array([[ 0.,  0.,  0., -1.,  1.,  0.],
         [ 0.,  0.,  0., -1.,  1.,  0.],
         [ 0.,  0.,  0., -1.,  1.,  0.],
         [ 0.,  0.,  0., -1.,  1.,  0.],
         [ 0.,  0.,  0., -1.,  1.,  0.],
         [ 0.,  0.,  0., -1.,  1.,  0.]]), 'FE0': array([[-0.074803807748196033, 0.51763234198767349, -0.074803807748196643,
          0.29921523099278691, 0.033544811523148282, 0.2992152309927838],
         [-0.074803807748195991, -0.074803807748196616, 0.51763234198767361,
          0.29921523099278691, 0.2992152309927838, 0.033544811523148269],
         [0.51763234198767138, -0.07480380774819663, -0.074803807748196643,
          0.033544811523148657, 0.29921523099278657, 0.29921523099278663],
         [-0.048208377815511877, -0.084730493093977816,
          -0.048208377815511891, 0.19283351126204784, 0.79548022620090597,
          0.19283351126204784],
         [-0.048208377815511919, -0.048208377815511967,
          -0.084730493093977843, 0.19283351126204781, 0.19283351126204779,
          0.79548022620090619],
         [-0.084730493093977774, -0.048208377815512009,
          -0.048208377815511891, 0.79548022620090597, 0.19283351126204784,
          0.19283351126204784]], dtype=object), 'FE1_C1_D01': array([[ 0.,  0.,  0., -1.,  0.,  1.],
         [ 0.,  0.,  0., -1.,  0.,  1.],
         [ 0.,  0.,  0., -1.,  0.,  1.],
         [ 0.,  0.,  0., -1.,  0.,  1.],
         [ 0.,  0.,  0., -1.,  0.,  1.],
         [ 0.,  0.,  0., -1.,  0.,  1.]]), 'FE1_C0_D01': array([[-1.,  0.,  1.,  0.,  0.,  0.],
         [-1.,  0.,  1.,  0.,  0.,  0.],
         [-1.,  0.,  1.,  0.,  0.,  0.],
         [-1.,  0.,  1.,  0.,  0.,  0.],
         [-1.,  0.,  1.,  0.,  0.,  0.],
         [-1.,  0.,  1.,  0.,  0.,  0.]]), 'FE1_C0_D10': array([[-1.,  1.,  0.,  0.,  0.,  0.],
         [-1.,  1.,  0.,  0.,  0.,  0.],
         [-1.,  1.,  0.,  0.,  0.,  0.],
         [-1.,  1.,  0.,  0.,  0.,  0.],
         [-1.,  1.,  0.,  0.,  0.,  0.],
         [-1.,  1.,  0.,  0.,  0.,  0.]])}
  
  name_map: {}
  
  inv_name_map: {'FE0_D10': 'FE0_D10', 'FE0_D01': 'FE0_D01', 'FE1_C0': 'FE1_C0', 'FE1_C1': 'FE1_C1', 'FE1_C1_D10': 'FE1_C1_D10', 'FE0': 'FE0', 'FE1_C1_D01': 'FE1_C1_D01', 'FE1_C0_D01': 'FE1_C0_D01', 'FE1_C0_D10': 'FE1_C0_D10'}
  
  QG-utils, psi_tables, unique_tables:
  {'FE0_D10': array([[0.63369514596092014, 2.2673902919218358, 0.36630485403908286,
          -0.36630485403908286, -2.901085437882756],
         [0.63369514596092069, -0.63369514596091625, 3.2673902919218336,
          -3.2673902919218336, 0],
         [-2.2673902919218323, -0.63369514596091647, 0.36630485403908286,
          -0.36630485403908286, 2.9010854378827484],
         [-0.78379396366385989, -0.56758792732772045, 1.7837939636638591,
          -1.7837939636638591, 1.35138189099158],
         [-0.78379396366385967, 0.78379396366386023, 0.43241207267227894,
          -0.43241207267227894, 0],
         [0.56758792732772034, 0.78379396366385978, 1.7837939636638591,
          -1.7837939636638591, -1.3513818909915805]], dtype=object), 'FE0_D01': array([[0.63369514596092058, -0.63369514596091581, 3.2673902919218341, 0,
          -3.2673902919218358],
         [0.63369514596092025, 2.2673902919218358, 0.36630485403908319,
          -2.9010854378827551, -0.36630485403908342],
         [-2.2673902919218314, -0.63369514596091603, 0.36630485403908319,
          2.9010854378827475, -0.36630485403908297],
         [-0.78379396366385989, 0.78379396366385989, 0.4324120726722791, 0,
          -0.43241207267227899],
         [-0.78379396366385934, -0.56758792732771934, 1.7837939636638593,
          1.3513818909915796, -1.78379396366386],
         [0.56758792732772056, 0.78379396366385978, 1.7837939636638589,
          -1.3513818909915798, -1.7837939636638598]], dtype=object), 'FE1_C0': array([[ 0.09157621,  0.81684757,  0.09157621],
         [ 0.09157621,  0.09157621,  0.81684757],
         [ 0.81684757,  0.09157621,  0.09157621],
         [ 0.44594849,  0.10810302,  0.44594849],
         [ 0.44594849,  0.44594849,  0.10810302],
         [ 0.10810302,  0.44594849,  0.44594849]]), 'FE0': array([[-0.074803807748196033, 0.51763234198767349, -0.074803807748196643,
          0.29921523099278691, 0.033544811523148282, 0.2992152309927838],
         [-0.074803807748195991, -0.074803807748196616, 0.51763234198767361,
          0.29921523099278691, 0.2992152309927838, 0.033544811523148269],
         [0.51763234198767138, -0.07480380774819663, -0.074803807748196643,
          0.033544811523148657, 0.29921523099278657, 0.29921523099278663],
         [-0.048208377815511877, -0.084730493093977816,
          -0.048208377815511891, 0.19283351126204784, 0.79548022620090597,
          0.19283351126204784],
         [-0.048208377815511919, -0.048208377815511967,
          -0.084730493093977843, 0.19283351126204781, 0.19283351126204779,
          0.79548022620090619],
         [-0.084730493093977774, -0.048208377815512009,
          -0.048208377815511891, 0.79548022620090597, 0.19283351126204784,
          0.19283351126204784]], dtype=object), 'FE1_C0_D01': array([[-1.,  1.],
         [-1.,  1.],
         [-1.,  1.],
         [-1.,  1.],
         [-1.,  1.],
         [-1.,  1.]])}
  
  QG-utils, psi_tables, name_map:
  {'FE0_D10': ('FE0_D10', (1, [0, 1, 3, 4, 5]), False, False), 'FE0_D01': ('FE0_D01', (0, [0, 2, 3, 4, 5]), False, False), 'FE1_C0': ('FE1_C0', (2, [0, 1, 2]), False, False), 'FE1_C1': ('FE1_C0', (5, [3, 4, 5]), False, False), 'FE1_C1_D10': ('FE1_C0_D01', (7, [3, 4]), False, False), 'FE0': ('FE0', (), False, False), 'FE1_C1_D01': ('FE1_C0_D01', (6, [3, 5]), False, False), 'FE1_C0_D01': ('FE1_C0_D01', (3, [0, 2]), False, False), 'FE1_C0_D10': ('FE1_C0_D01', (4, [0, 1]), False, False)}
  Transforming cell integral
  Reusing element from cache
  Reusing element from cache
  Reusing element from cache
  Reusing element from cache
  Reusing element from cache
  Reusing element from cache
  Reusing element from cache
  Reusing element from cache
  Reusing element from cache
  Reusing element from cache
  Reusing element from cache
  Reusing element from cache
  Computing representation of forms
  
Compiler stage 2 finished in 0.08008 seconds.

Compiler stage 3: Optimizing intermediate representation
--------------------------------------------------------
  Optimising expressions for cell integral
  
Compiler stage 3 finished in 0.00134087 seconds.

Compiler stage 4: Generating code
---------------------------------
  Generating code for 1 element(s)
  Removing unused variable: tmp7
  Removing unused variable: tmp6
  Removing unused variable: tmp5
  Removing unused variable: tt
  Removing unused variable: ss
  Removing unused variable: rr
  Removing unused variable: tmp7
  Removing unused variable: tmp6
  Removing unused variable: tmp5
  Removing unused variable: tt
  Removing unused variable: ss
  Removing unused variable: rr
  Removing unused variable: tmp7
  Removing unused variable: tmp6
  Removing unused variable: tmp5
  Removing unused variable: tt
  Removing unused variable: ss
  Removing unused variable: rr
  Removing unused variable: tmp7
  Removing unused variable: tmp6
  Removing unused variable: tmp5
  Removing unused variable: tt
  Removing unused variable: ss
  Removing unused variable: rr
  Removing unused variable: tmp7
  Removing unused variable: tmp6
  Removing unused variable: tmp5
  Removing unused variable: tt
  Removing unused variable: ss
  Removing unused variable: rr
  Removing unused variable: tmp7
  Removing unused variable: tmp6
  Removing unused variable: tmp5
  Removing unused variable: tt
  Removing unused variable: ss
  Removing unused variable: rr
  Removing unused variable: tmp7
  Removing unused variable: tmp6
  Removing unused variable: tmp5
  Removing unused variable: tt
  Removing unused variable: ss
  Removing unused variable: rr
  Removing unused variable: tmp7
  Removing unused variable: tmp6
  Removing unused variable: tmp5
  Removing unused variable: tt
  Removing unused variable: ss
  Removing unused variable: rr
  Removing unused variable: tmp7
  Removing unused variable: tmp6
  Removing unused variable: tmp5
  Removing unused variable: tt
  Removing unused variable: ss
  Removing unused variable: rr
  Removing unused variable: tmp7
  Removing unused variable: tmp6
  Removing unused variable: tmp5
  Removing unused variable: tt
  Removing unused variable: ss
  Removing unused variable: rr
  Removing unused variable: tmp7
  Removing unused variable: tmp6
  Removing unused variable: tmp5
  Removing unused variable: tt
  Removing unused variable: ss
  Removing unused variable: rr
  Removing unused variable: tmp7
  Removing unused variable: tmp6
  Removing unused variable: tmp5
  Removing unused variable: tt
  Removing unused variable: ss
  Removing unused variable: rr
  Generating code for 1 dofmap(s)
  Generating code for integrals
  Removing unused variable: circumradius
  Removing unused variable: v0v1
  Removing unused variable: v0v2
  Removing unused variable: v1v2
  Removing unused variable: volume
  Generating code for forms
  
Compiler stage 4 finished in 0.0867798 seconds.

Compiler stage 4.1: Generating additional wrapper code
------------------------------------------------------
  Generating wrapper code for DOLFIN
  
Compiler stage 4.1 finished in 0.000380039 seconds.

Compiler stage 5: Formatting code
---------------------------------
  Output written to ./EnergyNorm.h.
  
Compiler stage 5 finished in 0.00061202 seconds.

[1;37;32mFFC finished in 0.190918 seconds.[0m
